0.0000000000000	11.674585741718
1.0000000000000	11.525366093473
2.0000000000000	11.074822725380
3.0000000000000	10.361915392541
4.0000000000000	9.4203030387083
5.0000000000000	8.3616819066268
6.0000000000000	7.2268072808276
7.0000000000000	6.0253509998467
8.0000000000000	4.8190054403841
9.0000000000000	3.7553445324193
10.000000000000	2.7862023214337
11.000000000000	1.9454611989698
12.000000000000	1.2842768026640
13.000000000000	0.78169034439075
14.000000000000	0.42553008866792
15.000000000000	0.20080610475258
16.000000000000	0.077993883827401
17.000000000000	0.031475352612420
18.000000000000	0.038121968678205
19.000000000000	0.075247567699954
20.000000000000	0.12574883516670
21.000000000000	0.17449019425435
22.000000000000	0.21112724905990
23.000000000000	0.23650389163198
24.000000000000	0.24520546688080
25.000000000000	0.23840812730249
26.000000000000	0.22052195879652
27.000000000000	0.19591811804729
28.000000000000	0.16732935079177
29.000000000000	0.13810570922280
30.000000000000	0.11106232432447
31.000000000000	0.087983718516068
32.000000000000	0.069498747477676
33.000000000000	0.056171444641063
34.000000000000	0.047776064918838
35.000000000000	0.043475577831299
36.000000000000	0.042547977101564
37.000000000000	0.044049206061383
38.000000000000	0.046613959171447
39.000000000000	0.049081438429419
40.000000000000	0.051073396198781
41.000000000000	0.052131059020466
42.000000000000	0.051831771751046
43.000000000000	0.050216146751737
44.000000000000	0.047500526325744
45.000000000000	0.044024245947711
46.000000000000	0.040188116464934
47.000000000000	0.036401960737741
48.000000000000	0.033014784240674
49.000000000000	0.030253457070301
50.000000000000	0.028201349077747
51.000000000000	0.026813616673055
52.000000000000	0.025947264011450
53.000000000000	0.025398520929179
54.000000000000	0.024942180914279
55.000000000000	0.024373096777726
56.000000000000	0.023539851592389
57.000000000000	0.022369506942679
58.000000000000	0.020880063984579
59.000000000000	0.019182701442561
60.000000000000	0.017479417860216
61.000000000000	0.016007264809398
62.000000000000	0.015079183588528
63.000000000000	0.015021158792450
64.000000000000	0.016168697748004
65.000000000000	0.018853303295195
66.000000000000	0.023385912838289
67.000000000000	0.030043144620089
68.000000000000	0.039045908440698
69.000000000000	0.050546456608024
70.000000000000	0.064617979746911
71.000000000000	0.081256087245834
72.000000000000	0.10038819836138
73.000000000000	0.12188964544189
74.000000000000	0.14559850380054
75.000000000000	0.17131966027976
76.000000000000	0.19881221205322
77.000000000000	0.22776806608581
78.000000000000	0.25778063477988
79.000000000000	0.28833663295559
80.000000000000	0.31882503576772
81.000000000000	0.34856892081335
82.000000000000	0.37688228827368
83.000000000000	0.40313180681170
84.000000000000	0.42679240308692
85.000000000000	0.44749290003295
86.000000000000	0.46500908689093
87.000000000000	0.47922330466393
88.000000000000	0.49003411092627
89.000000000000	0.49726839257121
90.000000000000	0.50063186774760
91.000000000000	0.49726765845322
92.000000000000	0.49003361823250
93.000000000000	0.47922219573274
94.000000000000	0.46500822085944
95.000000000000	0.44749153675334
96.000000000000	0.42679098333168
97.000000000000	0.40312989688152
98.000000000000	0.37688047976912
99.000000000000	0.34856678486080
100.00000000000	0.31882239255564
101.00000000000	0.28833415774413
102.00000000000	0.25777816530566
103.00000000000	0.22776565300507
104.00000000000	0.19881014428541
105.00000000000	0.17131779210148
106.00000000000	0.14559664353869
107.00000000000	0.12188795359826
108.00000000000	0.10038634016199
109.00000000000	0.081254530462096
110.00000000000	0.064616593899264
111.00000000000	0.050545131164877
112.00000000000	0.039044941779267
113.00000000000	0.030042214331919
114.00000000000	0.023385082427153
115.00000000000	0.018852487204363
116.00000000000	0.016168044003309
117.00000000000	0.015020467258403
118.00000000000	0.015078669906542
119.00000000000	0.016006701456991
120.00000000000	0.017478909317503
121.00000000000	0.019182116337932
122.00000000000	0.020879677387583
123.00000000000	0.022368992772534
124.00000000000	0.023539540966390
125.00000000000	0.024372782294227
126.00000000000	0.024941888007847
127.00000000000	0.025398316480765
128.00000000000	0.025947084707928
129.00000000000	0.026813491356554
130.00000000000	0.028201223407762
131.00000000000	0.030253492194151
132.00000000000	0.033014762561547
133.00000000000	0.036401891599427
134.00000000000	0.040188100457505
135.00000000000	0.044024197467689
136.00000000000	0.047500517572930
137.00000000000	0.050216187666164
138.00000000000	0.051831940347410
139.00000000000	0.052131199784345
140.00000000000	0.051073479398518
141.00000000000	0.049081509888342
142.00000000000	0.046613981633899
143.00000000000	0.044049281605280
144.00000000000	0.042547947260171
145.00000000000	0.043475544114515
146.00000000000	0.047776141271343
147.00000000000	0.056171492075824
148.00000000000	0.069498868361667
149.00000000000	0.087983733220017
150.00000000000	0.11106253679641
151.00000000000	0.13810609056705
152.00000000000	0.16732994863865
153.00000000000	0.19591870941728
154.00000000000	0.22052304014053
155.00000000000	0.23840917359790
156.00000000000	0.24520639705329
157.00000000000	0.23650499188162
158.00000000000	0.21112834954360
159.00000000000	0.17449131704851
160.00000000000	0.12574954811146
161.00000000000	0.075248228649717
162.00000000000	0.038122488747921
163.00000000000	0.031475622323238
164.00000000000	0.077993878669737
165.00000000000	0.20080580175714
166.00000000000	0.42552990061911
167.00000000000	0.78168940724137
168.00000000000	1.2842753447640
169.00000000000	1.9454592387150
170.00000000000	2.7861978183958
171.00000000000	3.7553384686221
172.00000000000	4.8189993498258
173.00000000000	6.0253408904284
174.00000000000	7.2267947352732
175.00000000000	8.3616677102240
176.00000000000	9.4202847003674
177.00000000000	10.361894918185
178.00000000000	11.074801410514
179.00000000000	11.525342339311
180.00000000000	11.674561290564
181.00000000000	11.525341705093
182.00000000000	11.074801477945
183.00000000000	10.361896255221
184.00000000000	9.4202868970011
185.00000000000	8.3616671460477
186.00000000000	7.2267941728794
187.00000000000	6.0253408738156
188.00000000000	4.8189996623941
189.00000000000	3.7553376911830
190.00000000000	2.7861974409640
191.00000000000	1.9454598807298
192.00000000000	1.2842755444032
193.00000000000	0.78168995562798
194.00000000000	0.42553013792956
195.00000000000	0.20080598570557
196.00000000000	0.077994108807697
197.00000000000	0.031475800073515
198.00000000000	0.038122562530892
199.00000000000	0.075248300727606
200.00000000000	0.12574945979607
201.00000000000	0.17449134299788
202.00000000000	0.21112854539054
203.00000000000	0.23650486387694
204.00000000000	0.24520658572144
205.00000000000	0.23840930298525
206.00000000000	0.22052314933634
207.00000000000	0.19591873218691
208.00000000000	0.16732981456277
209.00000000000	0.13810589150458
210.00000000000	0.11106228995514
211.00000000000	0.087983415030385
212.00000000000	0.069498602503824
213.00000000000	0.056171232705798
214.00000000000	0.047775705669332
215.00000000000	0.043475196390993
216.00000000000	0.042547684761498
217.00000000000	0.044048876076621
218.00000000000	0.046613784025274
219.00000000000	0.049081296279549
220.00000000000	0.051073369595395
221.00000000000	0.052131102336226
222.00000000000	0.051831779170029
223.00000000000	0.050216215511073
224.00000000000	0.047500639540698
225.00000000000	0.044024336749621
226.00000000000	0.040188233784158
227.00000000000	0.036402280194128
228.00000000000	0.033014938065819
229.00000000000	0.030253766296216
230.00000000000	0.028201507648331
231.00000000000	0.026813780936296
232.00000000000	0.025947353720050
233.00000000000	0.025398485210725
234.00000000000	0.024942121389423
235.00000000000	0.024372933726945
236.00000000000	0.023539647672836
237.00000000000	0.022369133893856
238.00000000000	0.020879766592313
239.00000000000	0.019182176658706
240.00000000000	0.017478922665857
241.00000000000	0.016006735694276
242.00000000000	0.015078604534913
243.00000000000	0.015020558049102
244.00000000000	0.016168107465416
245.00000000000	0.018852504181232
246.00000000000	0.023385061355983
247.00000000000	0.030042212991166
248.00000000000	0.039044860758581
249.00000000000	0.050545228495435
250.00000000000	0.064616549070709
251.00000000000	0.081254433677884
252.00000000000	0.10038645452096
253.00000000000	0.12188773913503
254.00000000000	0.14559645950277
255.00000000000	0.17131739448576
256.00000000000	0.19881000380475
257.00000000000	0.22776545563937
258.00000000000	0.25777810027643
259.00000000000	0.28833422320523
260.00000000000	0.31882225229989
261.00000000000	0.34856623800497
262.00000000000	0.37688023173032
263.00000000000	0.40312940080943
264.00000000000	0.42679085798066
265.00000000000	0.44749110461579
266.00000000000	0.46500806144514
267.00000000000	0.47922221048229
268.00000000000	0.49003352490825
269.00000000000	0.49726792729175
270.00000000000	0.50063185603591
271.00000000000	0.49726801292413
272.00000000000	0.49003403453085
273.00000000000	0.47922286350465
274.00000000000	0.46500886999216
275.00000000000	0.44749265807932
276.00000000000	0.42679225391855
277.00000000000	0.40313119848259
278.00000000000	0.37688216625001
279.00000000000	0.34856897727680
280.00000000000	0.31882451647858
281.00000000000	0.28833633195820
282.00000000000	0.25778036464092
283.00000000000	0.22776791547968
284.00000000000	0.19881206220571
285.00000000000	0.17131960420245
286.00000000000	0.14559832079275
287.00000000000	0.12188965310644
288.00000000000	0.10038803996640
289.00000000000	0.081255985536204
290.00000000000	0.064617930039908
291.00000000000	0.050546392555003
292.00000000000	0.039045977127185
293.00000000000	0.030043151525479
294.00000000000	0.023385919951027
295.00000000000	0.018853381397189
296.00000000000	0.016168777452141
297.00000000000	0.015021118592310
298.00000000000	0.015079286599603
299.00000000000	0.016007246522385
300.00000000000	0.017479440509773
301.00000000000	0.019182671556627
302.00000000000	0.020880205525518
303.00000000000	0.022369567982597
304.00000000000	0.023540006883080
305.00000000000	0.024373297349713
306.00000000000	0.024942428387211
307.00000000000	0.025398767924767
308.00000000000	0.025947565929319
309.00000000000	0.026813927010496
310.00000000000	0.028201640525861
311.00000000000	0.030253808076801
312.00000000000	0.033015119810312
313.00000000000	0.036402228304630
314.00000000000	0.040188264797787
315.00000000000	0.044024354964946
316.00000000000	0.047500569070634
317.00000000000	0.050216237082203
318.00000000000	0.051831722638825
319.00000000000	0.052130977809211
320.00000000000	0.051073294704025
321.00000000000	0.049081307064483
322.00000000000	0.046613687642605
323.00000000000	0.044048862966723
324.00000000000	0.042547663914447
325.00000000000	0.043475304958845
326.00000000000	0.047775726373174
327.00000000000	0.056171048592928
328.00000000000	0.069498360560814
329.00000000000	0.087983390159540
330.00000000000	0.11106194257907
331.00000000000	0.13810554336348
332.00000000000	0.16732927880404
333.00000000000	0.19591792175345
334.00000000000	0.22052231324300
335.00000000000	0.23840819261815
336.00000000000	0.24520542145074
337.00000000000	0.23650383153533
338.00000000000	0.21112750713385
339.00000000000	0.17449054542493
340.00000000000	0.12574867353269
341.00000000000	0.075247693541679
342.00000000000	0.038122190155425
343.00000000000	0.031475535258771
344.00000000000	0.077994034021671
345.00000000000	0.20080642371411
346.00000000000	0.42553078948157
347.00000000000	0.78169077197166
348.00000000000	1.2842769769998
349.00000000000	1.9454618899174
350.00000000000	2.7862015367689
351.00000000000	3.7553432939428
352.00000000000	4.8190055752499
353.00000000000	6.0253515272168
354.00000000000	7.2268073242043
355.00000000000	8.3616836333974
356.00000000000	9.4203026150013
357.00000000000	10.361915032254
358.00000000000	11.074824298986
359.00000000000	11.525365596591
360.00000000000	11.674585741718
