  90.000        -180.000           -5.820e+00          -5.820e+00               0.000          -5.820e+00               0.000          -9.117e+01     
  90.000        -179.000           -5.822e+00          -5.822e+00               0.000          -5.822e+00               0.000          -9.117e+01     
  90.000        -178.000           -5.826e+00          -5.826e+00               0.000          -5.826e+00               0.000          -9.118e+01     
  90.000        -177.000           -5.834e+00          -5.834e+00               0.000          -5.834e+00               0.000          -9.119e+01     
  90.000        -176.000           -5.844e+00          -5.844e+00               0.000          -5.844e+00               0.000          -9.121e+01     
  90.000        -175.000           -5.858e+00          -5.858e+00               0.000          -5.858e+00               0.000          -9.124e+01     
  90.000        -174.000           -5.874e+00          -5.874e+00               0.000          -5.874e+00               0.000          -9.127e+01     
  90.000        -173.000           -5.894e+00          -5.894e+00               0.000          -5.894e+00               0.000          -9.131e+01     
  90.000        -172.000           -5.916e+00          -5.916e+00               0.000          -5.916e+00               0.000          -9.136e+01     
  90.000        -171.000           -5.942e+00          -5.942e+00               0.000          -5.942e+00               0.000          -9.141e+01     
  90.000        -170.000           -5.971e+00          -5.971e+00               0.000          -5.971e+00               0.000          -9.147e+01     
  90.000        -169.000           -6.003e+00          -6.003e+00               0.000          -6.003e+00               0.000          -9.153e+01     
  90.000        -168.000           -6.038e+00          -6.038e+00               0.000          -6.038e+00               0.000          -9.160e+01     
  90.000        -167.000           -6.077e+00          -6.077e+00               0.000          -6.077e+00               0.000          -9.168e+01     
  90.000        -166.000           -6.118e+00          -6.118e+00               0.000          -6.118e+00               0.000          -9.176e+01     
  90.000        -165.000           -6.164e+00          -6.164e+00               0.000          -6.164e+00               0.000          -9.185e+01     
  90.000        -164.000           -6.212e+00          -6.212e+00               0.000          -6.212e+00               0.000          -9.195e+01     
  90.000        -163.000           -6.264e+00          -6.264e+00               0.000          -6.264e+00               0.000          -9.205e+01     
  90.000        -162.000           -6.320e+00          -6.320e+00               0.000          -6.320e+00               0.000          -9.216e+01     
  90.000        -161.000           -6.379e+00          -6.379e+00               0.000          -6.379e+00               0.000          -9.228e+01     
  90.000        -160.000           -6.442e+00          -6.442e+00               0.000          -6.442e+00               0.000          -9.241e+01     
  90.000        -159.000           -6.508e+00          -6.508e+00               0.000          -6.508e+00               0.000          -9.254e+01     
  90.000        -158.000           -6.578e+00          -6.578e+00               0.000          -6.578e+00               0.000          -9.268e+01     
  90.000        -157.000           -6.652e+00          -6.652e+00               0.000          -6.652e+00               0.000          -9.283e+01     
  90.000        -156.000           -6.730e+00          -6.730e+00               0.000          -6.730e+00               0.000          -9.299e+01     
  90.000        -155.000           -6.812e+00          -6.812e+00               0.000          -6.812e+00               0.000          -9.315e+01     
  90.000        -154.000           -6.898e+00          -6.898e+00               0.000          -6.898e+00               0.000          -9.332e+01     
  90.000        -153.000           -6.989e+00          -6.989e+00               0.000          -6.989e+00               0.000          -9.350e+01     
  90.000        -152.000           -7.083e+00          -7.083e+00               0.000          -7.083e+00               0.000          -9.369e+01     
  90.000        -151.000           -7.182e+00          -7.182e+00               0.000          -7.182e+00               0.000          -9.389e+01     
  90.000        -150.000           -7.285e+00          -7.285e+00               0.000          -7.285e+00               0.000          -9.409e+01     
  90.000        -149.000           -7.392e+00          -7.392e+00               0.000          -7.392e+00               0.000          -9.431e+01     
  90.000        -148.000           -7.504e+00          -7.504e+00               0.000          -7.504e+00               0.000          -9.453e+01     
  90.000        -147.000           -7.621e+00          -7.621e+00               0.000          -7.621e+00               0.000          -9.477e+01     
  90.000        -146.000           -7.741e+00          -7.741e+00               0.000          -7.741e+00               0.000          -9.501e+01     
  90.000        -145.000           -7.867e+00          -7.867e+00               0.000          -7.867e+00               0.000          -9.526e+01     
  90.000        -144.000           -7.997e+00          -7.997e+00               0.000          -7.997e+00               0.000          -9.552e+01     
  90.000        -143.000           -8.131e+00          -8.131e+00               0.000          -8.131e+00               0.000          -9.579e+01     
  90.000        -142.000           -8.270e+00          -8.270e+00               0.000          -8.270e+00               0.000          -9.607e+01     
  90.000        -141.000           -8.414e+00          -8.414e+00               0.000          -8.414e+00               0.000          -9.635e+01     
  90.000        -140.000           -8.561e+00          -8.561e+00               0.000          -8.561e+00               0.000          -9.665e+01     
  90.000        -139.000           -8.713e+00          -8.713e+00               0.000          -8.713e+00               0.000          -9.695e+01     
  90.000        -138.000           -8.868e+00          -8.868e+00               0.000          -8.868e+00               0.000          -9.726e+01     
  90.000        -137.000           -9.027e+00          -9.027e+00               0.000          -9.027e+00               0.000          -9.758e+01     
  90.000        -136.000           -9.189e+00          -9.189e+00               0.000          -9.189e+00               0.000          -9.790e+01     
  90.000        -135.000           -9.354e+00          -9.354e+00               0.000          -9.354e+00               0.000          -9.823e+01     
  90.000        -134.000           -9.521e+00          -9.521e+00               0.000          -9.521e+00               0.000          -9.857e+01     
  90.000        -133.000           -9.690e+00          -9.690e+00               0.000          -9.690e+00               0.000          -9.890e+01     
  90.000        -132.000           -9.859e+00          -9.859e+00               0.000          -9.859e+00               0.000          -9.924e+01     
  90.000        -131.000           -1.003e+01          -1.003e+01               0.000          -1.003e+01               0.000          -9.958e+01     
  90.000        -130.000           -1.020e+01          -1.020e+01               0.000          -1.020e+01               0.000          -9.992e+01     
  90.000        -129.000           -1.036e+01          -1.036e+01               0.000          -1.036e+01               0.000          -1.003e+02     
  90.000        -128.000           -1.052e+01          -1.052e+01               0.000          -1.052e+01               0.000          -1.006e+02     
  90.000        -127.000           -1.068e+01          -1.068e+01               0.000          -1.068e+01               0.000          -1.009e+02     
  90.000        -126.000           -1.083e+01          -1.083e+01               0.000          -1.083e+01               0.000          -1.012e+02     
  90.000        -125.000           -1.097e+01          -1.097e+01               0.000          -1.097e+01               0.000          -1.015e+02     
  90.000        -124.000           -1.110e+01          -1.110e+01               0.000          -1.110e+01               0.000          -1.017e+02     
  90.000        -123.000           -1.122e+01          -1.122e+01               0.000          -1.122e+01               0.000          -1.020e+02     
  90.000        -122.000           -1.132e+01          -1.132e+01               0.000          -1.132e+01               0.000          -1.022e+02     
  90.000        -121.000           -1.141e+01          -1.141e+01               0.000          -1.141e+01               0.000          -1.023e+02     
  90.000        -120.000           -1.147e+01          -1.147e+01               0.000          -1.147e+01               0.000          -1.025e+02     
  90.000        -119.000           -1.152e+01          -1.152e+01               0.000          -1.152e+01               0.000          -1.026e+02     
  90.000        -118.000           -1.154e+01          -1.154e+01               0.000          -1.154e+01               0.000          -1.026e+02     
  90.000        -117.000           -1.154e+01          -1.154e+01               0.000          -1.154e+01               0.000          -1.026e+02     
  90.000        -116.000           -1.152e+01          -1.152e+01               0.000          -1.152e+01               0.000          -1.026e+02     
  90.000        -115.000           -1.147e+01          -1.147e+01               0.000          -1.147e+01               0.000          -1.025e+02     
  90.000        -114.000           -1.140e+01          -1.140e+01               0.000          -1.140e+01               0.000          -1.023e+02     
  90.000        -113.000           -1.130e+01          -1.130e+01               0.000          -1.130e+01               0.000          -1.021e+02     
  90.000        -112.000           -1.119e+01          -1.119e+01               0.000          -1.119e+01               0.000          -1.019e+02     
  90.000        -111.000           -1.105e+01          -1.105e+01               0.000          -1.105e+01               0.000          -1.016e+02     
  90.000        -110.000           -1.090e+01          -1.090e+01               0.000          -1.090e+01               0.000          -1.013e+02     
  90.000        -109.000           -1.073e+01          -1.073e+01               0.000          -1.073e+01               0.000          -1.010e+02     
  90.000        -108.000           -1.054e+01          -1.054e+01               0.000          -1.054e+01               0.000          -1.006e+02     
  90.000        -107.000           -1.034e+01          -1.034e+01               0.000          -1.034e+01               0.000          -1.002e+02     
  90.000        -106.000           -1.014e+01          -1.014e+01               0.000          -1.014e+01               0.000          -9.980e+01     
  90.000        -105.000           -9.922e+00          -9.922e+00               0.000          -9.922e+00               0.000          -9.937e+01     
  90.000        -104.000           -9.701e+00          -9.701e+00               0.000          -9.701e+00               0.000          -9.893e+01     
  90.000        -103.000           -9.477e+00          -9.477e+00               0.000          -9.477e+00               0.000          -9.848e+01     
  90.000        -102.000           -9.249e+00          -9.249e+00               0.000          -9.249e+00               0.000          -9.802e+01     
  90.000        -101.000           -9.021e+00          -9.021e+00               0.000          -9.021e+00               0.000          -9.757e+01     
  90.000        -100.000           -8.793e+00          -8.793e+00               0.000          -8.793e+00               0.000          -9.711e+01     
  90.000         -99.000           -8.566e+00          -8.566e+00               0.000          -8.566e+00               0.000          -9.666e+01     
  90.000         -98.000           -8.342e+00          -8.342e+00               0.000          -8.342e+00               0.000          -9.621e+01     
  90.000         -97.000           -8.121e+00          -8.121e+00               0.000          -8.121e+00               0.000          -9.577e+01     
  90.000         -96.000           -7.904e+00          -7.904e+00               0.000          -7.904e+00               0.000          -9.533e+01     
  90.000         -95.000           -7.692e+00          -7.692e+00               0.000          -7.692e+00               0.000          -9.491e+01     
  90.000         -94.000           -7.485e+00          -7.485e+00               0.000          -7.485e+00               0.000          -9.450e+01     
  90.000         -93.000           -7.284e+00          -7.284e+00               0.000          -7.284e+00               0.000          -9.409e+01     
  90.000         -92.000           -7.088e+00          -7.088e+00               0.000          -7.088e+00               0.000          -9.370e+01     
  90.000         -91.000           -6.899e+00          -6.899e+00               0.000          -6.899e+00               0.000          -9.332e+01     
  90.000         -90.000           -6.717e+00          -6.717e+00               0.000          -6.717e+00               0.000          -9.296e+01     
  90.000         -89.000           -6.541e+00          -6.541e+00               0.000          -6.541e+00               0.000          -9.261e+01     
  90.000         -88.000           -6.373e+00          -6.373e+00               0.000          -6.373e+00               0.000          -9.227e+01     
  90.000         -87.000           -6.211e+00          -6.211e+00               0.000          -6.211e+00               0.000          -9.195e+01     
  90.000         -86.000           -6.057e+00          -6.057e+00               0.000          -6.057e+00               0.000          -9.164e+01     
  90.000         -85.000           -5.909e+00          -5.909e+00               0.000          -5.909e+00               0.000          -9.134e+01     
  90.000         -84.000           -5.769e+00          -5.769e+00               0.000          -5.769e+00               0.000          -9.106e+01     
  90.000         -83.000           -5.637e+00          -5.637e+00               0.000          -5.637e+00               0.000          -9.080e+01     
  90.000         -82.000           -5.511e+00          -5.511e+00               0.000          -5.511e+00               0.000          -9.055e+01     
  90.000         -81.000           -5.393e+00          -5.393e+00               0.000          -5.393e+00               0.000          -9.031e+01     
  90.000         -80.000           -5.283e+00          -5.283e+00               0.000          -5.283e+00               0.000          -9.009e+01     
  90.000         -79.000           -5.180e+00          -5.180e+00               0.000          -5.180e+00               0.000          -8.988e+01     
  90.000         -78.000           -5.084e+00          -5.084e+00               0.000          -5.084e+00               0.000          -8.969e+01     
  90.000         -77.000           -4.995e+00          -4.995e+00               0.000          -4.995e+00               0.000          -8.952e+01     
  90.000         -76.000           -4.913e+00          -4.913e+00               0.000          -4.913e+00               0.000          -8.935e+01     
  90.000         -75.000           -4.839e+00          -4.839e+00               0.000          -4.839e+00               0.000          -8.920e+01     
  90.000         -74.000           -4.772e+00          -4.772e+00               0.000          -4.772e+00               0.000          -8.907e+01     
  90.000         -73.000           -4.711e+00          -4.711e+00               0.000          -4.711e+00               0.000          -8.895e+01     
  90.000         -72.000           -4.658e+00          -4.658e+00               0.000          -4.658e+00               0.000          -8.884e+01     
  90.000         -71.000           -4.612e+00          -4.612e+00               0.000          -4.612e+00               0.000          -8.875e+01     
  90.000         -70.000           -4.572e+00          -4.572e+00               0.000          -4.572e+00               0.000          -8.867e+01     
  90.000         -69.000           -4.539e+00          -4.539e+00               0.000          -4.539e+00               0.000          -8.860e+01     
  90.000         -68.000           -4.512e+00          -4.512e+00               0.000          -4.512e+00               0.000          -8.855e+01     
  90.000         -67.000           -4.491e+00          -4.491e+00               0.000          -4.491e+00               0.000          -8.851e+01     
  90.000         -66.000           -4.477e+00          -4.477e+00               0.000          -4.477e+00               0.000          -8.848e+01     
  90.000         -65.000           -4.469e+00          -4.469e+00               0.000          -4.469e+00               0.000          -8.846e+01     
  90.000         -64.000           -4.466e+00          -4.466e+00               0.000          -4.466e+00               0.000          -8.846e+01     
  90.000         -63.000           -4.469e+00          -4.469e+00               0.000          -4.469e+00               0.000          -8.846e+01     
  90.000         -62.000           -4.478e+00          -4.478e+00               0.000          -4.478e+00               0.000          -8.848e+01     
  90.000         -61.000           -4.491e+00          -4.491e+00               0.000          -4.491e+00               0.000          -8.851e+01     
  90.000         -60.000           -4.509e+00          -4.509e+00               0.000          -4.509e+00               0.000          -8.854e+01     
  90.000         -59.000           -4.531e+00          -4.531e+00               0.000          -4.531e+00               0.000          -8.859e+01     
  90.000         -58.000           -4.558e+00          -4.558e+00               0.000          -4.558e+00               0.000          -8.864e+01     
  90.000         -57.000           -4.588e+00          -4.588e+00               0.000          -4.588e+00               0.000          -8.870e+01     
  90.000         -56.000           -4.621e+00          -4.621e+00               0.000          -4.621e+00               0.000          -8.877e+01     
  90.000         -55.000           -4.657e+00          -4.657e+00               0.000          -4.657e+00               0.000          -8.884e+01     
  90.000         -54.000           -4.696e+00          -4.696e+00               0.000          -4.696e+00               0.000          -8.892e+01     
  90.000         -53.000           -4.735e+00          -4.735e+00               0.000          -4.735e+00               0.000          -8.900e+01     
  90.000         -52.000           -4.776e+00          -4.776e+00               0.000          -4.776e+00               0.000          -8.908e+01     
  90.000         -51.000           -4.818e+00          -4.818e+00               0.000          -4.818e+00               0.000          -8.916e+01     
  90.000         -50.000           -4.859e+00          -4.859e+00               0.000          -4.859e+00               0.000          -8.924e+01     
  90.000         -49.000           -4.899e+00          -4.899e+00               0.000          -4.899e+00               0.000          -8.932e+01     
  90.000         -48.000           -4.938e+00          -4.938e+00               0.000          -4.938e+00               0.000          -8.940e+01     
  90.000         -47.000           -4.974e+00          -4.974e+00               0.000          -4.974e+00               0.000          -8.947e+01     
  90.000         -46.000           -5.008e+00          -5.008e+00               0.000          -5.008e+00               0.000          -8.954e+01     
  90.000         -45.000           -5.037e+00          -5.037e+00               0.000          -5.037e+00               0.000          -8.960e+01     
  90.000         -44.000           -5.062e+00          -5.062e+00               0.000          -5.062e+00               0.000          -8.965e+01     
  90.000         -43.000           -5.082e+00          -5.082e+00               0.000          -5.082e+00               0.000          -8.969e+01     
  90.000         -42.000           -5.096e+00          -5.096e+00               0.000          -5.096e+00               0.000          -8.972e+01     
  90.000         -41.000           -5.104e+00          -5.104e+00               0.000          -5.104e+00               0.000          -8.973e+01     
  90.000         -40.000           -5.105e+00          -5.105e+00               0.000          -5.105e+00               0.000          -8.974e+01     
  90.000         -39.000           -5.099e+00          -5.099e+00               0.000          -5.099e+00               0.000          -8.972e+01     
  90.000         -38.000           -5.084e+00          -5.084e+00               0.000          -5.084e+00               0.000          -8.969e+01     
  90.000         -37.000           -5.063e+00          -5.063e+00               0.000          -5.063e+00               0.000          -8.965e+01     
  90.000         -36.000           -5.033e+00          -5.033e+00               0.000          -5.033e+00               0.000          -8.959e+01     
  90.000         -35.000           -4.995e+00          -4.995e+00               0.000          -4.995e+00               0.000          -8.952e+01     
  90.000         -34.000           -4.950e+00          -4.950e+00               0.000          -4.950e+00               0.000          -8.942e+01     
  90.000         -33.000           -4.896e+00          -4.896e+00               0.000          -4.896e+00               0.000          -8.932e+01     
  90.000         -32.000           -4.836e+00          -4.836e+00               0.000          -4.836e+00               0.000          -8.920e+01     
  90.000         -31.000           -4.769e+00          -4.769e+00               0.000          -4.769e+00               0.000          -8.906e+01     
  90.000         -30.000           -4.695e+00          -4.695e+00               0.000          -4.695e+00               0.000          -8.892e+01     
  90.000         -29.000           -4.616e+00          -4.616e+00               0.000          -4.616e+00               0.000          -8.876e+01     
  90.000         -28.000           -4.532e+00          -4.532e+00               0.000          -4.532e+00               0.000          -8.859e+01     
  90.000         -27.000           -4.443e+00          -4.443e+00               0.000          -4.443e+00               0.000          -8.841e+01     
  90.000         -26.000           -4.351e+00          -4.351e+00               0.000          -4.351e+00               0.000          -8.823e+01     
  90.000         -25.000           -4.256e+00          -4.256e+00               0.000          -4.256e+00               0.000          -8.804e+01     
  90.000         -24.000           -4.159e+00          -4.159e+00               0.000          -4.159e+00               0.000          -8.784e+01     
  90.000         -23.000           -4.060e+00          -4.060e+00               0.000          -4.060e+00               0.000          -8.765e+01     
  90.000         -22.000           -3.961e+00          -3.961e+00               0.000          -3.961e+00               0.000          -8.745e+01     
  90.000         -21.000           -3.861e+00          -3.861e+00               0.000          -3.861e+00               0.000          -8.725e+01     
  90.000         -20.000           -3.762e+00          -3.762e+00               0.000          -3.762e+00               0.000          -8.705e+01     
  90.000         -19.000           -3.665e+00          -3.665e+00               0.000          -3.665e+00               0.000          -8.685e+01     
  90.000         -18.000           -3.569e+00          -3.569e+00               0.000          -3.569e+00               0.000          -8.666e+01     
  90.000         -17.000           -3.476e+00          -3.476e+00               0.000          -3.476e+00               0.000          -8.648e+01     
  90.000         -16.000           -3.385e+00          -3.385e+00               0.000          -3.385e+00               0.000          -8.630e+01     
  90.000         -15.000           -3.299e+00          -3.299e+00               0.000          -3.299e+00               0.000          -8.612e+01     
  90.000         -14.000           -3.215e+00          -3.215e+00               0.000          -3.215e+00               0.000          -8.596e+01     
  90.000         -13.000           -3.136e+00          -3.136e+00               0.000          -3.136e+00               0.000          -8.580e+01     
  90.000         -12.000           -3.062e+00          -3.062e+00               0.000          -3.062e+00               0.000          -8.565e+01     
  90.000         -11.000           -2.993e+00          -2.993e+00               0.000          -2.993e+00               0.000          -8.551e+01     
  90.000         -10.000           -2.928e+00          -2.928e+00               0.000          -2.928e+00               0.000          -8.538e+01     
  90.000          -9.000           -2.869e+00          -2.869e+00               0.000          -2.869e+00               0.000          -8.526e+01     
  90.000          -8.000           -2.816e+00          -2.816e+00               0.000          -2.816e+00               0.000          -8.516e+01     
  90.000          -7.000           -2.769e+00          -2.769e+00               0.000          -2.769e+00               0.000          -8.506e+01     
  90.000          -6.000           -2.727e+00          -2.727e+00               0.000          -2.727e+00               0.000          -8.498e+01     
  90.000          -5.000           -2.692e+00          -2.692e+00               0.000          -2.692e+00               0.000          -8.491e+01     
  90.000          -4.000           -2.663e+00          -2.663e+00               0.000          -2.663e+00               0.000          -8.485e+01     
  90.000          -3.000           -2.640e+00          -2.640e+00               0.000          -2.640e+00               0.000          -8.481e+01     
  90.000          -2.000           -2.624e+00          -2.624e+00               0.000          -2.624e+00               0.000          -8.477e+01     
  90.000          -1.000           -2.614e+00          -2.614e+00               0.000          -2.614e+00               0.000          -8.475e+01     
  90.000           0.000           -2.611e+00          -2.611e+00               0.000          -2.611e+00               0.000          -8.475e+01     
  90.000           1.000           -2.614e+00          -2.614e+00               0.000          -2.614e+00               0.000          -8.475e+01     
  90.000           2.000           -2.624e+00          -2.624e+00               0.000          -2.624e+00               0.000          -8.477e+01     
  90.000           3.000           -2.640e+00          -2.640e+00               0.000          -2.640e+00               0.000          -8.481e+01     
  90.000           4.000           -2.663e+00          -2.663e+00               0.000          -2.663e+00               0.000          -8.485e+01     
  90.000           5.000           -2.692e+00          -2.692e+00               0.000          -2.692e+00               0.000          -8.491e+01     
  90.000           6.000           -2.727e+00          -2.727e+00               0.000          -2.727e+00               0.000          -8.498e+01     
  90.000           7.000           -2.769e+00          -2.769e+00               0.000          -2.769e+00               0.000          -8.506e+01     
  90.000           8.000           -2.816e+00          -2.816e+00               0.000          -2.816e+00               0.000          -8.516e+01     
  90.000           9.000           -2.869e+00          -2.869e+00               0.000          -2.869e+00               0.000          -8.526e+01     
  90.000          10.000           -2.928e+00          -2.928e+00               0.000          -2.928e+00               0.000          -8.538e+01     
  90.000          11.000           -2.993e+00          -2.993e+00               0.000          -2.993e+00               0.000          -8.551e+01     
  90.000          12.000           -3.062e+00          -3.062e+00               0.000          -3.062e+00               0.000          -8.565e+01     
  90.000          13.000           -3.136e+00          -3.136e+00               0.000          -3.136e+00               0.000          -8.580e+01     
  90.000          14.000           -3.215e+00          -3.215e+00               0.000          -3.215e+00               0.000          -8.596e+01     
  90.000          15.000           -3.299e+00          -3.299e+00               0.000          -3.299e+00               0.000          -8.612e+01     
  90.000          16.000           -3.385e+00          -3.385e+00               0.000          -3.385e+00               0.000          -8.630e+01     
  90.000          17.000           -3.476e+00          -3.476e+00               0.000          -3.476e+00               0.000          -8.648e+01     
  90.000          18.000           -3.569e+00          -3.569e+00               0.000          -3.569e+00               0.000          -8.666e+01     
  90.000          19.000           -3.665e+00          -3.665e+00               0.000          -3.665e+00               0.000          -8.685e+01     
  90.000          20.000           -3.762e+00          -3.762e+00               0.000          -3.762e+00               0.000          -8.705e+01     
  90.000          21.000           -3.861e+00          -3.861e+00               0.000          -3.861e+00               0.000          -8.725e+01     
  90.000          22.000           -3.961e+00          -3.961e+00               0.000          -3.961e+00               0.000          -8.745e+01     
  90.000          23.000           -4.060e+00          -4.060e+00               0.000          -4.060e+00               0.000          -8.765e+01     
  90.000          24.000           -4.159e+00          -4.159e+00               0.000          -4.159e+00               0.000          -8.784e+01     
  90.000          25.000           -4.256e+00          -4.256e+00               0.000          -4.256e+00               0.000          -8.804e+01     
  90.000          26.000           -4.351e+00          -4.351e+00               0.000          -4.351e+00               0.000          -8.823e+01     
  90.000          27.000           -4.443e+00          -4.443e+00               0.000          -4.443e+00               0.000          -8.841e+01     
  90.000          28.000           -4.532e+00          -4.532e+00               0.000          -4.532e+00               0.000          -8.859e+01     
  90.000          29.000           -4.616e+00          -4.616e+00               0.000          -4.616e+00               0.000          -8.876e+01     
  90.000          30.000           -4.695e+00          -4.695e+00               0.000          -4.695e+00               0.000          -8.892e+01     
  90.000          31.000           -4.769e+00          -4.769e+00               0.000          -4.769e+00               0.000          -8.906e+01     
  90.000          32.000           -4.836e+00          -4.836e+00               0.000          -4.836e+00               0.000          -8.920e+01     
  90.000          33.000           -4.896e+00          -4.896e+00               0.000          -4.896e+00               0.000          -8.932e+01     
  90.000          34.000           -4.950e+00          -4.950e+00               0.000          -4.950e+00               0.000          -8.942e+01     
  90.000          35.000           -4.995e+00          -4.995e+00               0.000          -4.995e+00               0.000          -8.952e+01     
  90.000          36.000           -5.033e+00          -5.033e+00               0.000          -5.033e+00               0.000          -8.959e+01     
  90.000          37.000           -5.063e+00          -5.063e+00               0.000          -5.063e+00               0.000          -8.965e+01     
  90.000          38.000           -5.084e+00          -5.084e+00               0.000          -5.084e+00               0.000          -8.969e+01     
  90.000          39.000           -5.099e+00          -5.099e+00               0.000          -5.099e+00               0.000          -8.972e+01     
  90.000          40.000           -5.105e+00          -5.105e+00               0.000          -5.105e+00               0.000          -8.974e+01     
  90.000          41.000           -5.104e+00          -5.104e+00               0.000          -5.104e+00               0.000          -8.973e+01     
  90.000          42.000           -5.096e+00          -5.096e+00               0.000          -5.096e+00               0.000          -8.972e+01     
  90.000          43.000           -5.082e+00          -5.082e+00               0.000          -5.082e+00               0.000          -8.969e+01     
  90.000          44.000           -5.062e+00          -5.062e+00               0.000          -5.062e+00               0.000          -8.965e+01     
  90.000          45.000           -5.037e+00          -5.037e+00               0.000          -5.037e+00               0.000          -8.960e+01     
  90.000          46.000           -5.008e+00          -5.008e+00               0.000          -5.008e+00               0.000          -8.954e+01     
  90.000          47.000           -4.974e+00          -4.974e+00               0.000          -4.974e+00               0.000          -8.947e+01     
  90.000          48.000           -4.938e+00          -4.938e+00               0.000          -4.938e+00               0.000          -8.940e+01     
  90.000          49.000           -4.899e+00          -4.899e+00               0.000          -4.899e+00               0.000          -8.932e+01     
  90.000          50.000           -4.859e+00          -4.859e+00               0.000          -4.859e+00               0.000          -8.924e+01     
  90.000          51.000           -4.818e+00          -4.818e+00               0.000          -4.818e+00               0.000          -8.916e+01     
  90.000          52.000           -4.776e+00          -4.776e+00               0.000          -4.776e+00               0.000          -8.908e+01     
  90.000          53.000           -4.735e+00          -4.735e+00               0.000          -4.735e+00               0.000          -8.900e+01     
  90.000          54.000           -4.696e+00          -4.696e+00               0.000          -4.696e+00               0.000          -8.892e+01     
  90.000          55.000           -4.657e+00          -4.657e+00               0.000          -4.657e+00               0.000          -8.884e+01     
  90.000          56.000           -4.621e+00          -4.621e+00               0.000          -4.621e+00               0.000          -8.877e+01     
  90.000          57.000           -4.588e+00          -4.588e+00               0.000          -4.588e+00               0.000          -8.870e+01     
  90.000          58.000           -4.558e+00          -4.558e+00               0.000          -4.558e+00               0.000          -8.864e+01     
  90.000          59.000           -4.531e+00          -4.531e+00               0.000          -4.531e+00               0.000          -8.859e+01     
  90.000          60.000           -4.509e+00          -4.509e+00               0.000          -4.509e+00               0.000          -8.854e+01     
  90.000          61.000           -4.491e+00          -4.491e+00               0.000          -4.491e+00               0.000          -8.851e+01     
  90.000          62.000           -4.478e+00          -4.478e+00               0.000          -4.478e+00               0.000          -8.848e+01     
  90.000          63.000           -4.469e+00          -4.469e+00               0.000          -4.469e+00               0.000          -8.846e+01     
  90.000          64.000           -4.466e+00          -4.466e+00               0.000          -4.466e+00               0.000          -8.846e+01     
  90.000          65.000           -4.469e+00          -4.469e+00               0.000          -4.469e+00               0.000          -8.846e+01     
  90.000          66.000           -4.477e+00          -4.477e+00               0.000          -4.477e+00               0.000          -8.848e+01     
  90.000          67.000           -4.491e+00          -4.491e+00               0.000          -4.491e+00               0.000          -8.851e+01     
  90.000          68.000           -4.512e+00          -4.512e+00               0.000          -4.512e+00               0.000          -8.855e+01     
  90.000          69.000           -4.539e+00          -4.539e+00               0.000          -4.539e+00               0.000          -8.860e+01     
  90.000          70.000           -4.572e+00          -4.572e+00               0.000          -4.572e+00               0.000          -8.867e+01     
  90.000          71.000           -4.612e+00          -4.612e+00               0.000          -4.612e+00               0.000          -8.875e+01     
  90.000          72.000           -4.658e+00          -4.658e+00               0.000          -4.658e+00               0.000          -8.884e+01     
  90.000          73.000           -4.711e+00          -4.711e+00               0.000          -4.711e+00               0.000          -8.895e+01     
  90.000          74.000           -4.772e+00          -4.772e+00               0.000          -4.772e+00               0.000          -8.907e+01     
  90.000          75.000           -4.839e+00          -4.839e+00               0.000          -4.839e+00               0.000          -8.920e+01     
  90.000          76.000           -4.913e+00          -4.913e+00               0.000          -4.913e+00               0.000          -8.935e+01     
  90.000          77.000           -4.995e+00          -4.995e+00               0.000          -4.995e+00               0.000          -8.952e+01     
  90.000          78.000           -5.084e+00          -5.084e+00               0.000          -5.084e+00               0.000          -8.969e+01     
  90.000          79.000           -5.180e+00          -5.180e+00               0.000          -5.180e+00               0.000          -8.988e+01     
  90.000          80.000           -5.283e+00          -5.283e+00               0.000          -5.283e+00               0.000          -9.009e+01     
  90.000          81.000           -5.393e+00          -5.393e+00               0.000          -5.393e+00               0.000          -9.031e+01     
  90.000          82.000           -5.511e+00          -5.511e+00               0.000          -5.511e+00               0.000          -9.055e+01     
  90.000          83.000           -5.637e+00          -5.637e+00               0.000          -5.637e+00               0.000          -9.080e+01     
  90.000          84.000           -5.769e+00          -5.769e+00               0.000          -5.769e+00               0.000          -9.106e+01     
  90.000          85.000           -5.909e+00          -5.909e+00               0.000          -5.909e+00               0.000          -9.134e+01     
  90.000          86.000           -6.057e+00          -6.057e+00               0.000          -6.057e+00               0.000          -9.164e+01     
  90.000          87.000           -6.211e+00          -6.211e+00               0.000          -6.211e+00               0.000          -9.195e+01     
  90.000          88.000           -6.373e+00          -6.373e+00               0.000          -6.373e+00               0.000          -9.227e+01     
  90.000          89.000           -6.541e+00          -6.541e+00               0.000          -6.541e+00               0.000          -9.261e+01     
  90.000          90.000           -6.717e+00          -6.717e+00               0.000          -6.717e+00               0.000          -9.296e+01     
  90.000          91.000           -6.899e+00          -6.899e+00               0.000          -6.899e+00               0.000          -9.332e+01     
  90.000          92.000           -7.088e+00          -7.088e+00               0.000          -7.088e+00               0.000          -9.370e+01     
  90.000          93.000           -7.284e+00          -7.284e+00               0.000          -7.284e+00               0.000          -9.409e+01     
  90.000          94.000           -7.485e+00          -7.485e+00               0.000          -7.485e+00               0.000          -9.450e+01     
  90.000          95.000           -7.692e+00          -7.692e+00               0.000          -7.692e+00               0.000          -9.491e+01     
  90.000          96.000           -7.904e+00          -7.904e+00               0.000          -7.904e+00               0.000          -9.533e+01     
  90.000          97.000           -8.121e+00          -8.121e+00               0.000          -8.121e+00               0.000          -9.577e+01     
  90.000          98.000           -8.342e+00          -8.342e+00               0.000          -8.342e+00               0.000          -9.621e+01     
  90.000          99.000           -8.566e+00          -8.566e+00               0.000          -8.566e+00               0.000          -9.666e+01     
  90.000         100.000           -8.793e+00          -8.793e+00               0.000          -8.793e+00               0.000          -9.711e+01     
  90.000         101.000           -9.021e+00          -9.021e+00               0.000          -9.021e+00               0.000          -9.757e+01     
  90.000         102.000           -9.249e+00          -9.249e+00               0.000          -9.249e+00               0.000          -9.802e+01     
  90.000         103.000           -9.477e+00          -9.477e+00               0.000          -9.477e+00               0.000          -9.848e+01     
  90.000         104.000           -9.701e+00          -9.701e+00               0.000          -9.701e+00               0.000          -9.893e+01     
  90.000         105.000           -9.922e+00          -9.922e+00               0.000          -9.922e+00               0.000          -9.937e+01     
  90.000         106.000           -1.014e+01          -1.014e+01               0.000          -1.014e+01               0.000          -9.980e+01     
  90.000         107.000           -1.034e+01          -1.034e+01               0.000          -1.034e+01               0.000          -1.002e+02     
  90.000         108.000           -1.054e+01          -1.054e+01               0.000          -1.054e+01               0.000          -1.006e+02     
  90.000         109.000           -1.073e+01          -1.073e+01               0.000          -1.073e+01               0.000          -1.010e+02     
  90.000         110.000           -1.090e+01          -1.090e+01               0.000          -1.090e+01               0.000          -1.013e+02     
  90.000         111.000           -1.105e+01          -1.105e+01               0.000          -1.105e+01               0.000          -1.016e+02     
  90.000         112.000           -1.119e+01          -1.119e+01               0.000          -1.119e+01               0.000          -1.019e+02     
  90.000         113.000           -1.130e+01          -1.130e+01               0.000          -1.130e+01               0.000          -1.021e+02     
  90.000         114.000           -1.140e+01          -1.140e+01               0.000          -1.140e+01               0.000          -1.023e+02     
  90.000         115.000           -1.147e+01          -1.147e+01               0.000          -1.147e+01               0.000          -1.025e+02     
  90.000         116.000           -1.152e+01          -1.152e+01               0.000          -1.152e+01               0.000          -1.026e+02     
  90.000         117.000           -1.154e+01          -1.154e+01               0.000          -1.154e+01               0.000          -1.026e+02     
  90.000         118.000           -1.154e+01          -1.154e+01               0.000          -1.154e+01               0.000          -1.026e+02     
  90.000         119.000           -1.152e+01          -1.152e+01               0.000          -1.152e+01               0.000          -1.026e+02     
  90.000         120.000           -1.147e+01          -1.147e+01               0.000          -1.147e+01               0.000          -1.025e+02     
  90.000         121.000           -1.141e+01          -1.141e+01               0.000          -1.141e+01               0.000          -1.023e+02     
  90.000         122.000           -1.132e+01          -1.132e+01               0.000          -1.132e+01               0.000          -1.022e+02     
  90.000         123.000           -1.122e+01          -1.122e+01               0.000          -1.122e+01               0.000          -1.020e+02     
  90.000         124.000           -1.110e+01          -1.110e+01               0.000          -1.110e+01               0.000          -1.017e+02     
  90.000         125.000           -1.097e+01          -1.097e+01               0.000          -1.097e+01               0.000          -1.015e+02     
  90.000         126.000           -1.083e+01          -1.083e+01               0.000          -1.083e+01               0.000          -1.012e+02     
  90.000         127.000           -1.068e+01          -1.068e+01               0.000          -1.068e+01               0.000          -1.009e+02     
  90.000         128.000           -1.052e+01          -1.052e+01               0.000          -1.052e+01               0.000          -1.006e+02     
  90.000         129.000           -1.036e+01          -1.036e+01               0.000          -1.036e+01               0.000          -1.003e+02     
  90.000         130.000           -1.020e+01          -1.020e+01               0.000          -1.020e+01               0.000          -9.992e+01     
  90.000         131.000           -1.003e+01          -1.003e+01               0.000          -1.003e+01               0.000          -9.958e+01     
  90.000         132.000           -9.859e+00          -9.859e+00               0.000          -9.859e+00               0.000          -9.924e+01     
  90.000         133.000           -9.690e+00          -9.690e+00               0.000          -9.690e+00               0.000          -9.890e+01     
  90.000         134.000           -9.521e+00          -9.521e+00               0.000          -9.521e+00               0.000          -9.857e+01     
  90.000         135.000           -9.354e+00          -9.354e+00               0.000          -9.354e+00               0.000          -9.823e+01     
  90.000         136.000           -9.189e+00          -9.189e+00               0.000          -9.189e+00               0.000          -9.790e+01     
  90.000         137.000           -9.027e+00          -9.027e+00               0.000          -9.027e+00               0.000          -9.758e+01     
  90.000         138.000           -8.868e+00          -8.868e+00               0.000          -8.868e+00               0.000          -9.726e+01     
  90.000         139.000           -8.713e+00          -8.713e+00               0.000          -8.713e+00               0.000          -9.695e+01     
  90.000         140.000           -8.561e+00          -8.561e+00               0.000          -8.561e+00               0.000          -9.665e+01     
  90.000         141.000           -8.414e+00          -8.414e+00               0.000          -8.414e+00               0.000          -9.635e+01     
  90.000         142.000           -8.270e+00          -8.270e+00               0.000          -8.270e+00               0.000          -9.607e+01     
  90.000         143.000           -8.131e+00          -8.131e+00               0.000          -8.131e+00               0.000          -9.579e+01     
  90.000         144.000           -7.997e+00          -7.997e+00               0.000          -7.997e+00               0.000          -9.552e+01     
  90.000         145.000           -7.867e+00          -7.867e+00               0.000          -7.867e+00               0.000          -9.526e+01     
  90.000         146.000           -7.741e+00          -7.741e+00               0.000          -7.741e+00               0.000          -9.501e+01     
  90.000         147.000           -7.621e+00          -7.621e+00               0.000          -7.621e+00               0.000          -9.477e+01     
  90.000         148.000           -7.504e+00          -7.504e+00               0.000          -7.504e+00               0.000          -9.453e+01     
  90.000         149.000           -7.392e+00          -7.392e+00               0.000          -7.392e+00               0.000          -9.431e+01     
  90.000         150.000           -7.285e+00          -7.285e+00               0.000          -7.285e+00               0.000          -9.409e+01     
  90.000         151.000           -7.182e+00          -7.182e+00               0.000          -7.182e+00               0.000          -9.389e+01     
  90.000         152.000           -7.083e+00          -7.083e+00               0.000          -7.083e+00               0.000          -9.369e+01     
  90.000         153.000           -6.989e+00          -6.989e+00               0.000          -6.989e+00               0.000          -9.350e+01     
  90.000         154.000           -6.898e+00          -6.898e+00               0.000          -6.898e+00               0.000          -9.332e+01     
  90.000         155.000           -6.812e+00          -6.812e+00               0.000          -6.812e+00               0.000          -9.315e+01     
  90.000         156.000           -6.730e+00          -6.730e+00               0.000          -6.730e+00               0.000          -9.299e+01     
  90.000         157.000           -6.652e+00          -6.652e+00               0.000          -6.652e+00               0.000          -9.283e+01     
  90.000         158.000           -6.578e+00          -6.578e+00               0.000          -6.578e+00               0.000          -9.268e+01     
  90.000         159.000           -6.508e+00          -6.508e+00               0.000          -6.508e+00               0.000          -9.254e+01     
  90.000         160.000           -6.442e+00          -6.442e+00               0.000          -6.442e+00               0.000          -9.241e+01     
  90.000         161.000           -6.379e+00          -6.379e+00               0.000          -6.379e+00               0.000          -9.228e+01     
  90.000         162.000           -6.320e+00          -6.320e+00               0.000          -6.320e+00               0.000          -9.216e+01     
  90.000         163.000           -6.264e+00          -6.264e+00               0.000          -6.264e+00               0.000          -9.205e+01     
  90.000         164.000           -6.212e+00          -6.212e+00               0.000          -6.212e+00               0.000          -9.195e+01     
  90.000         165.000           -6.164e+00          -6.164e+00               0.000          -6.164e+00               0.000          -9.185e+01     
  90.000         166.000           -6.118e+00          -6.118e+00               0.000          -6.118e+00               0.000          -9.176e+01     
  90.000         167.000           -6.077e+00          -6.077e+00               0.000          -6.077e+00               0.000          -9.168e+01     
  90.000         168.000           -6.038e+00          -6.038e+00               0.000          -6.038e+00               0.000          -9.160e+01     
  90.000         169.000           -6.003e+00          -6.003e+00               0.000          -6.003e+00               0.000          -9.153e+01     
  90.000         170.000           -5.971e+00          -5.971e+00               0.000          -5.971e+00               0.000          -9.147e+01     
  90.000         171.000           -5.942e+00          -5.942e+00               0.000          -5.942e+00               0.000          -9.141e+01     
  90.000         172.000           -5.916e+00          -5.916e+00               0.000          -5.916e+00               0.000          -9.136e+01     
  90.000         173.000           -5.894e+00          -5.894e+00               0.000          -5.894e+00               0.000          -9.131e+01     
  90.000         174.000           -5.874e+00          -5.874e+00               0.000          -5.874e+00               0.000          -9.127e+01     
  90.000         175.000           -5.858e+00          -5.858e+00               0.000          -5.858e+00               0.000          -9.124e+01     
  90.000         176.000           -5.844e+00          -5.844e+00               0.000          -5.844e+00               0.000          -9.121e+01     
  90.000         177.000           -5.834e+00          -5.834e+00               0.000          -5.834e+00               0.000          -9.119e+01     
  90.000         178.000           -5.826e+00          -5.826e+00               0.000          -5.826e+00               0.000          -9.118e+01     
  90.000         179.000           -5.822e+00          -5.822e+00               0.000          -5.822e+00               0.000          -9.117e+01     
