0.0000000000000	0.50063190069251
1.0000000000000	0.49869056302729
2.0000000000000	0.49863141037904
3.0000000000000	0.50081970683981
4.0000000000000	0.50447177195058
5.0000000000000	0.50869710392494
6.0000000000000	0.51253804407374
7.0000000000000	0.51513190716665
8.0000000000000	0.51752495611991
9.0000000000000	0.52185308661519
10.000000000000	0.52784837529741
11.000000000000	0.53324887529646
12.000000000000	0.53751965510518
13.000000000000	0.54203620388390
14.000000000000	0.54722690865192
15.000000000000	0.55214177836654
16.000000000000	0.55631028938679
17.000000000000	0.56034682342134
18.000000000000	0.56491841669338
19.000000000000	0.56995924478956
20.000000000000	0.57445303965872
21.000000000000	0.57725543200817
22.000000000000	0.57837939471782
23.000000000000	0.57904080864483
24.000000000000	0.58026167524587
25.000000000000	0.58196259725182
26.000000000000	0.58350683729022
27.000000000000	0.58447469278297
28.000000000000	0.58472157131527
29.000000000000	0.58419974378809
30.000000000000	0.58300355493444
31.000000000000	0.58140359678608
32.000000000000	0.57958166434511
33.000000000000	0.57776834300459
34.000000000000	0.57617446885486
35.000000000000	0.57490762681828
36.000000000000	0.57385439869691
37.000000000000	0.57280796967332
38.000000000000	0.57161591221095
39.000000000000	0.57031475510800
40.000000000000	0.56912987418718
41.000000000000	0.56840198578257
42.000000000000	0.56838802304531
43.000000000000	0.56900385490986
44.000000000000	0.56977464029402
45.000000000000	0.57011928868137
46.000000000000	0.56977904600023
47.000000000000	0.56901413389087
48.000000000000	0.56840370655192
49.000000000000	0.56842176973072
50.000000000000	0.56915418543195
51.000000000000	0.57034383615904
52.000000000000	0.57164899766163
53.000000000000	0.57284409919754
54.000000000000	0.57389278712262
55.000000000000	0.57494710161311
56.000000000000	0.57621425834399
57.000000000000	0.57780794339979
58.000000000000	0.57962134127521
59.000000000000	0.58144213795930
60.000000000000	0.58304037037343
61.000000000000	0.58423383990988
62.000000000000	0.58475161120560
63.000000000000	0.58450033436643
64.000000000000	0.58352767002846
65.000000000000	0.58197817129300
66.000000000000	0.58027121426072
67.000000000000	0.57904618731666
68.000000000000	0.57837935781640
69.000000000000	0.57725082917358
70.000000000000	0.57444386248637
71.000000000000	0.56994625089224
72.000000000000	0.56490123093853
73.000000000000	0.56032736812660
74.000000000000	0.55628932548719
75.000000000000	0.55211914589222
76.000000000000	0.54720372618070
77.000000000000	0.54201367729437
78.000000000000	0.53749852926001
79.000000000000	0.53322981915755
80.000000000000	0.52783063388136
81.000000000000	0.52183743808385
82.000000000000	0.51751248524291
83.000000000000	0.51512263737826
84.000000000000	0.51253308479650
85.000000000000	0.50869503928436
86.000000000000	0.50447219614987
87.000000000000	0.50082168059005
88.000000000000	0.49863447783945
89.000000000000	0.49869413167505
90.000000000000	0.50063476233433
91.000000000000	0.49869390230086
92.000000000000	0.49863446066041
93.000000000000	0.50082165359593
94.000000000000	0.50447196836999
95.000000000000	0.50869495863751
96.000000000000	0.51253294064314
97.000000000000	0.51512304231195
98.000000000000	0.51751309740228
99.000000000000	0.52183789855199
100.00000000000	0.52783169424915
101.00000000000	0.53323070929716
102.00000000000	0.53749973689222
103.00000000000	0.54201526444757
104.00000000000	0.54720513660422
105.00000000000	0.55212095885283
106.00000000000	0.55629070503122
107.00000000000	0.56032927866289
108.00000000000	0.56490320849940
109.00000000000	0.56994780604324
110.00000000000	0.57444502646631
111.00000000000	0.57725192597950
112.00000000000	0.57838000132255
113.00000000000	0.57904686497679
114.00000000000	0.58027217313348
115.00000000000	0.58197855517337
116.00000000000	0.58352788103793
117.00000000000	0.58450018438529
118.00000000000	0.58475120087682
119.00000000000	0.58423347912529
120.00000000000	0.58303984198025
121.00000000000	0.58144218924272
122.00000000000	0.57962096835136
123.00000000000	0.57780771062807
124.00000000000	0.57621396067964
125.00000000000	0.57494704001600
126.00000000000	0.57389212004057
127.00000000000	0.57284386604802
128.00000000000	0.57164821097733
129.00000000000	0.57034334819867
130.00000000000	0.56915423501406
131.00000000000	0.56842227260326
132.00000000000	0.56840363593434
133.00000000000	0.56901384990595
134.00000000000	0.56977975248300
135.00000000000	0.57011980197928
136.00000000000	0.56977433242369
137.00000000000	0.56900374676878
138.00000000000	0.56838820491207
139.00000000000	0.56840187020977
140.00000000000	0.56912975817172
141.00000000000	0.57031491208186
142.00000000000	0.57161612674108
143.00000000000	0.57280877632825
144.00000000000	0.57385495668744
145.00000000000	0.57490804237329
146.00000000000	0.57617496202488
147.00000000000	0.57776848211971
148.00000000000	0.57958222005686
149.00000000000	0.58140399947961
150.00000000000	0.58300374016394
151.00000000000	0.58419999785444
152.00000000000	0.58472180639559
153.00000000000	0.58447456701711
154.00000000000	0.58350650154913
155.00000000000	0.58196167848234
156.00000000000	0.58025997610034
157.00000000000	0.57903985131202
158.00000000000	0.57837790889651
159.00000000000	0.57725407831351
160.00000000000	0.57445136445459
161.00000000000	0.56995733701934
162.00000000000	0.56491607289267
163.00000000000	0.56034468050085
164.00000000000	0.55630779757833
165.00000000000	0.55213960332779
166.00000000000	0.54722453325532
167.00000000000	0.54203447077023
168.00000000000	0.53751838181547
169.00000000000	0.53324770865451
170.00000000000	0.52784680865118
171.00000000000	0.52185180953038
172.00000000000	0.51752360342748
173.00000000000	0.51513106310102
174.00000000000	0.51253771464828
175.00000000000	0.50869720317830
176.00000000000	0.50447168520984
177.00000000000	0.50082006765384
178.00000000000	0.49863121126440
179.00000000000	0.49869027520421
180.00000000000	0.50063186774760
181.00000000000	0.49869065173996
182.00000000000	0.49863123328422
183.00000000000	0.50082009579025
184.00000000000	0.50447184734536
185.00000000000	0.50869718409976
186.00000000000	0.51253826072611
187.00000000000	0.51513219251426
188.00000000000	0.51752466822069
189.00000000000	0.52185291906519
190.00000000000	0.52784779056261
191.00000000000	0.53324928362739
192.00000000000	0.53751978833416
193.00000000000	0.54203534239325
194.00000000000	0.54722637549194
195.00000000000	0.55214164683006
196.00000000000	0.55631022297553
197.00000000000	0.56034707466101
198.00000000000	0.56491825564073
199.00000000000	0.56995897618578
200.00000000000	0.57445284762319
201.00000000000	0.57725526688297
202.00000000000	0.57837904582734
203.00000000000	0.57904073063249
204.00000000000	0.58026122593970
205.00000000000	0.58196260168017
206.00000000000	0.58350738905654
207.00000000000	0.58447436844557
208.00000000000	0.58472206579535
209.00000000000	0.58419940804191
210.00000000000	0.58300339055063
211.00000000000	0.58140386127230
212.00000000000	0.57958203097506
213.00000000000	0.57776802339309
214.00000000000	0.57617448057692
215.00000000000	0.57490792051224
216.00000000000	0.57385395336031
217.00000000000	0.57280814450580
218.00000000000	0.57161571033192
219.00000000000	0.57031436541479
220.00000000000	0.56912965900101
221.00000000000	0.56840196994104
222.00000000000	0.56838854077329
223.00000000000	0.56900407249388
224.00000000000	0.56977421253630
225.00000000000	0.57011935164983
226.00000000000	0.56977889546739
227.00000000000	0.56901364006343
228.00000000000	0.56840307633442
229.00000000000	0.56842193064867
230.00000000000	0.56915399083257
231.00000000000	0.57034321625907
232.00000000000	0.57164905379339
233.00000000000	0.57284420382590
234.00000000000	0.57389283368014
235.00000000000	0.57494709306530
236.00000000000	0.57621384316202
237.00000000000	0.57780843217786
238.00000000000	0.57962164601190
239.00000000000	0.58144227632560
240.00000000000	0.58304011034017
241.00000000000	0.58423375415540
242.00000000000	0.58475247947847
243.00000000000	0.58450035834552
244.00000000000	0.58352804854314
245.00000000000	0.58197847160681
246.00000000000	0.58027110637083
247.00000000000	0.57904564448970
248.00000000000	0.57837901257646
249.00000000000	0.57725115313057
250.00000000000	0.57444370556275
251.00000000000	0.56994593803984
252.00000000000	0.56490161274549
253.00000000000	0.56032755186756
254.00000000000	0.55628907766923
255.00000000000	0.55211930925937
256.00000000000	0.54720340698331
257.00000000000	0.54201357238587
258.00000000000	0.53749894843890
259.00000000000	0.53322956747562
260.00000000000	0.52783038848112
261.00000000000	0.52183746395123
262.00000000000	0.51751243574991
263.00000000000	0.51512289919978
264.00000000000	0.51253328931027
265.00000000000	0.50869509478423
266.00000000000	0.50447189638245
267.00000000000	0.50082183344405
268.00000000000	0.49863470280976
269.00000000000	0.49869400531315
270.00000000000	0.50063478838749
271.00000000000	0.49869421506031
272.00000000000	0.49863482172278
273.00000000000	0.50082201569545
274.00000000000	0.50447217888872
275.00000000000	0.50869512807776
276.00000000000	0.51253319458193
277.00000000000	0.51512311156565
278.00000000000	0.51751284519547
279.00000000000	0.52183856245836
280.00000000000	0.52783164709354
281.00000000000	0.53323056367274
282.00000000000	0.53749999291733
283.00000000000	0.54201502523989
284.00000000000	0.54720503920001
285.00000000000	0.55212098521790
286.00000000000	0.55629060074100
287.00000000000	0.56032904042843
288.00000000000	0.56490305418918
289.00000000000	0.56994775050810
290.00000000000	0.57444506350504
291.00000000000	0.57725153673055
292.00000000000	0.57837989698369
293.00000000000	0.57904625320214
294.00000000000	0.58027202664508
295.00000000000	0.58197874320722
296.00000000000	0.58352791031552
297.00000000000	0.58449998495117
298.00000000000	0.58475137219332
299.00000000000	0.58423381481973
300.00000000000	0.58303995593988
301.00000000000	0.58144181790063
302.00000000000	0.57962164196139
303.00000000000	0.57780798476908
304.00000000000	0.57621399090843
305.00000000000	0.57494722572852
306.00000000000	0.57389260728321
307.00000000000	0.57284360952548
308.00000000000	0.57164872164900
309.00000000000	0.57034371054350
310.00000000000	0.56915467349741
311.00000000000	0.56842209632649
312.00000000000	0.56840327017007
313.00000000000	0.56901440113806
314.00000000000	0.56977931148539
315.00000000000	0.57011983469965
316.00000000000	0.56977372247980
317.00000000000	0.56900359712617
318.00000000000	0.56838843084955
319.00000000000	0.56840174258923
320.00000000000	0.56912924325013
321.00000000000	0.57031464511925
322.00000000000	0.57161626070088
323.00000000000	0.57280839589332
324.00000000000	0.57385494912194
325.00000000000	0.57490803177041
326.00000000000	0.57617494332799
327.00000000000	0.57776816772628
328.00000000000	0.57958247555407
329.00000000000	0.58140400788269
330.00000000000	0.58300404635707
331.00000000000	0.58420012083394
332.00000000000	0.58472195673179
333.00000000000	0.58447480382368
334.00000000000	0.58350677928101
335.00000000000	0.58196215495086
336.00000000000	0.58026067561165
337.00000000000	0.57903981103920
338.00000000000	0.57837806105732
339.00000000000	0.57725424724854
340.00000000000	0.57445150330170
341.00000000000	0.56995784052789
342.00000000000	0.56491660374583
343.00000000000	0.56034477674449
344.00000000000	0.55630841556520
345.00000000000	0.55213999319955
346.00000000000	0.54722513652856
347.00000000000	0.54203452466172
348.00000000000	0.53751851668501
349.00000000000	0.53324778747875
350.00000000000	0.52784702365687
351.00000000000	0.52185254571433
352.00000000000	0.51752400271881
353.00000000000	0.51513123738112
354.00000000000	0.51253777562456
355.00000000000	0.50869671924855
356.00000000000	0.50447135090608
357.00000000000	0.50081957865658
358.00000000000	0.49863100574973
359.00000000000	0.49869022086592
360.00000000000	0.50063172298894
