0.0000000000000	0.15700468848790
1.0000000000000	0.15654701800589
2.0000000000000	0.15490260566523
3.0000000000000	0.15238112215459
4.0000000000000	0.14870723456034
5.0000000000000	0.14438590013093
6.0000000000000	0.13925155393938
7.0000000000000	0.13349227071755
8.0000000000000	0.12715749430349
9.0000000000000	0.12038294647009
10.000000000000	0.11294678552176
11.000000000000	0.10510985842007
12.000000000000	0.097333463018868
13.000000000000	0.089657410003905
14.000000000000	0.082108069953456
15.000000000000	0.074893245093256
16.000000000000	0.068139083301326
17.000000000000	0.061918899396396
18.000000000000	0.056385337879846
19.000000000000	0.051348227047627
20.000000000000	0.046879063970500
21.000000000000	0.042966698651292
22.000000000000	0.039943421351458
23.000000000000	0.037696923939958
24.000000000000	0.036140701148550
25.000000000000	0.035175110355108
26.000000000000	0.034764584104852
27.000000000000	0.034815890899450
28.000000000000	0.035210094939076
29.000000000000	0.035651858062192
30.000000000000	0.036116279636507
31.000000000000	0.036464473420751
32.000000000000	0.036597815752282
33.000000000000	0.036610698571522
34.000000000000	0.036200173324227
35.000000000000	0.035522801332375
36.000000000000	0.034445618892212
37.000000000000	0.032850050222986
38.000000000000	0.030999247621384
39.000000000000	0.028818920748966
40.000000000000	0.026294265789199
41.000000000000	0.023675163092009
42.000000000000	0.021000309344218
43.000000000000	0.018296940674774
44.000000000000	0.015697258657174
45.000000000000	0.013366127152938
46.000000000000	0.011221285436348
47.000000000000	0.0094880840245856
48.000000000000	0.0081097848713142
49.000000000000	0.0070453103025203
50.000000000000	0.0064417647475650
51.000000000000	0.0061670469684799
52.000000000000	0.0061686665013638
53.000000000000	0.0064002013679800
54.000000000000	0.0067970641906640
55.000000000000	0.0072670210870127
56.000000000000	0.0077351290665208
57.000000000000	0.0081106582800925
58.000000000000	0.0083272946736725
59.000000000000	0.0083417909879273
60.000000000000	0.0081409354985269
61.000000000000	0.0077166075730557
62.000000000000	0.0070960622249369
63.000000000000	0.0063315470426810
64.000000000000	0.0054982564056279
65.000000000000	0.0046907661160902
66.000000000000	0.0040182881385164
67.000000000000	0.0035986741762398
68.000000000000	0.0035516516541070
69.000000000000	0.0039603196335847
70.000000000000	0.0049501411586509
71.000000000000	0.0065926153048112
72.000000000000	0.0089991576579726
73.000000000000	0.012225785842303
74.000000000000	0.016245643910837
75.000000000000	0.020978794100992
76.000000000000	0.026430332825357
77.000000000000	0.032491890774769
78.000000000000	0.039004943859443
79.000000000000	0.045946615654930
80.000000000000	0.053067633982352
81.000000000000	0.060291705265798
82.000000000000	0.067395167353037
83.000000000000	0.074049609000480
84.000000000000	0.080288407864689
85.000000000000	0.085901781861841
86.000000000000	0.090761682961354
87.000000000000	0.094537691115067
88.000000000000	0.097450525437222
89.000000000000	0.099084985673807
90.000000000000	0.099735900504443
91.000000000000	0.099085038860103
92.000000000000	0.097450555866368
93.000000000000	0.094537837447294
94.000000000000	0.090761782559490
95.000000000000	0.085901950530312
96.000000000000	0.080288496533960
97.000000000000	0.074049794178729
98.000000000000	0.067395338066739
99.000000000000	0.060291888400912
100.00000000000	0.053067822735735
101.00000000000	0.045946744395464
102.00000000000	0.039005120866885
103.00000000000	0.032492012010947
104.00000000000	0.026430453939578
105.00000000000	0.020978883522421
106.00000000000	0.016245715593347
107.00000000000	0.012225876917697
108.00000000000	0.0089992021915582
109.00000000000	0.0065926642187187
110.00000000000	0.0049501712514335
111.00000000000	0.0039603318298745
112.00000000000	0.0035516832954513
113.00000000000	0.0035987089386149
114.00000000000	0.0040183033726974
115.00000000000	0.0046907853557761
116.00000000000	0.0054983009110641
117.00000000000	0.0063315815552380
118.00000000000	0.0070960976312596
119.00000000000	0.0077166659832462
120.00000000000	0.0081410008911525
121.00000000000	0.0083418651713568
122.00000000000	0.0083273776875522
123.00000000000	0.0081107261104680
124.00000000000	0.0077352053915619
125.00000000000	0.0072670785874514
126.00000000000	0.0067971300874612
127.00000000000	0.0064002325487585
128.00000000000	0.0061686877206292
129.00000000000	0.0061670327495622
130.00000000000	0.0064417206751244
131.00000000000	0.0070452579104386
132.00000000000	0.0081097211844288
133.00000000000	0.0094879855034202
134.00000000000	0.011221175482223
135.00000000000	0.013365988539666
136.00000000000	0.015697127210555
137.00000000000	0.018296776570277
138.00000000000	0.021000138743791
139.00000000000	0.023674973349588
140.00000000000	0.026294090163194
141.00000000000	0.028818745256501
142.00000000000	0.030999080437653
143.00000000000	0.032849856352098
144.00000000000	0.034445411609589
145.00000000000	0.035522619255253
146.00000000000	0.036199977391553
147.00000000000	0.036610540489180
148.00000000000	0.036597620385946
149.00000000000	0.036464238821821
150.00000000000	0.036116086265816
151.00000000000	0.035651632116655
152.00000000000	0.035209818958109
153.00000000000	0.034815627733369
154.00000000000	0.034764296721593
155.00000000000	0.035174836537350
156.00000000000	0.036140365084966
157.00000000000	0.037696552059304
158.00000000000	0.039943058817876
159.00000000000	0.042966288070380
160.00000000000	0.046878636228888
161.00000000000	0.051347785027465
162.00000000000	0.056384861665435
163.00000000000	0.061918432955683
164.00000000000	0.068138557800192
165.00000000000	0.074892719376726
166.00000000000	0.082107545792078
167.00000000000	0.089656879763666
168.00000000000	0.097332974271641
169.00000000000	0.10510938308637
170.00000000000	0.11294631951752
171.00000000000	0.12038246455295
172.00000000000	0.12715711639487
173.00000000000	0.13349186144395
174.00000000000	0.13925121701321
175.00000000000	0.14438563758110
176.00000000000	0.14870707915439
177.00000000000	0.15238098082903
178.00000000000	0.15490247574126
179.00000000000	0.15654698187433
180.00000000000	0.15700472810068
181.00000000000	0.15654700781331
182.00000000000	0.15490254540969
183.00000000000	0.15238109744417
184.00000000000	0.14870723029845
185.00000000000	0.14438587109467
186.00000000000	0.13925148325716
187.00000000000	0.13349221567325
188.00000000000	0.12715750485139
189.00000000000	0.12038294120567
190.00000000000	0.11294674495272
191.00000000000	0.10510984364772
192.00000000000	0.097333497539749
193.00000000000	0.089657353672235
194.00000000000	0.082108058387585
195.00000000000	0.074893239858368
196.00000000000	0.068139048514686
197.00000000000	0.061918903933789
198.00000000000	0.056385328763265
199.00000000000	0.051348272291451
200.00000000000	0.046879112758994
201.00000000000	0.042966702612840
202.00000000000	0.039943448311145
203.00000000000	0.037696955134283
204.00000000000	0.036140714253237
205.00000000000	0.035175166611455
206.00000000000	0.034764594282747
207.00000000000	0.034815927515265
208.00000000000	0.035210102942200
209.00000000000	0.035651907774302
210.00000000000	0.036116345464847
211.00000000000	0.036464500814304
212.00000000000	0.036597843592262
213.00000000000	0.036610763732899
214.00000000000	0.036200217394382
215.00000000000	0.035522829598019
216.00000000000	0.034445626373391
217.00000000000	0.032850081989207
218.00000000000	0.030999285854468
219.00000000000	0.028818937270753
220.00000000000	0.026294300635871
221.00000000000	0.023675176649849
222.00000000000	0.021000307383090
223.00000000000	0.018296942496255
224.00000000000	0.015697253962904
225.00000000000	0.013366121833434
226.00000000000	0.011221296773260
227.00000000000	0.0094880866582819
228.00000000000	0.0081097984009289
229.00000000000	0.0070453215561656
230.00000000000	0.0064417392347484
231.00000000000	0.0061670611117722
232.00000000000	0.0061686701415484
233.00000000000	0.0064002221584979
234.00000000000	0.0067970890035924
235.00000000000	0.0072670341645237
236.00000000000	0.0077351496779598
237.00000000000	0.0081106696712298
238.00000000000	0.0083273270766697
239.00000000000	0.0083418176615266
240.00000000000	0.0081409604716361
241.00000000000	0.0077166114227900
242.00000000000	0.0070960660799832
243.00000000000	0.0063315596428279
244.00000000000	0.0054982751885443
245.00000000000	0.0046907828429838
246.00000000000	0.0040182917831694
247.00000000000	0.0035986850633902
248.00000000000	0.0035516740307798
249.00000000000	0.0039603034959254
250.00000000000	0.0049501304444474
251.00000000000	0.0065926061220432
252.00000000000	0.0089991398990403
253.00000000000	0.012225743096469
254.00000000000	0.016245603296246
255.00000000000	0.020978750602575
256.00000000000	0.026430235911796
257.00000000000	0.032491801461611
258.00000000000	0.039004867991047
259.00000000000	0.045946517264047
260.00000000000	0.053067553306431
261.00000000000	0.060291585395716
262.00000000000	0.067395073750661
263.00000000000	0.074049457170803
264.00000000000	0.080288249151084
265.00000000000	0.085901630381843
266.00000000000	0.090761567766884
267.00000000000	0.094537548329925
268.00000000000	0.097450314850395
269.00000000000	0.099084817859164
270.00000000000	0.099735736904151
271.00000000000	0.099084848584975
272.00000000000	0.097450359432539
273.00000000000	0.094537714786727
274.00000000000	0.090761643678950
275.00000000000	0.085901837442794
276.00000000000	0.080288340603804
277.00000000000	0.074049585255057
278.00000000000	0.067395241805634
279.00000000000	0.060291760773410
280.00000000000	0.053067709354866
281.00000000000	0.045946690156479
282.00000000000	0.039005016083133
283.00000000000	0.032491907948660
284.00000000000	0.026430380347458
285.00000000000	0.020978841193607
286.00000000000	0.016245668566509
287.00000000000	0.012225838805390
288.00000000000	0.0089991869459126
289.00000000000	0.0065926418699234
290.00000000000	0.0049501549711202
291.00000000000	0.0039603288049357
292.00000000000	0.0035516992439298
293.00000000000	0.0035987110608587
294.00000000000	0.0040183156518653
295.00000000000	0.0046908136556570
296.00000000000	0.0054982968154108
297.00000000000	0.0063315835472742
298.00000000000	0.0070961031141048
299.00000000000	0.0077166835007559
300.00000000000	0.0081410232679436
301.00000000000	0.0083418653407154
302.00000000000	0.0083273707546001
303.00000000000	0.0081107196226613
304.00000000000	0.0077351978090563
305.00000000000	0.0072670783486845
306.00000000000	0.0067971292750890
307.00000000000	0.0064002527265324
308.00000000000	0.0061686938177758
309.00000000000	0.0061670565501606
310.00000000000	0.0064417379175686
311.00000000000	0.0070452841535852
312.00000000000	0.0081097463928253
313.00000000000	0.0094880176265355
314.00000000000	0.011221210647787
315.00000000000	0.013366005737413
316.00000000000	0.015697156973814
317.00000000000	0.018296807710093
318.00000000000	0.021000174621098
319.00000000000	0.023674992161932
320.00000000000	0.026294118421498
321.00000000000	0.028818758926134
322.00000000000	0.030999082791055
323.00000000000	0.032849885053075
324.00000000000	0.034445437832757
325.00000000000	0.035522624472538
326.00000000000	0.036200020975598
327.00000000000	0.036610531587922
328.00000000000	0.036597592240120
329.00000000000	0.036464240205622
330.00000000000	0.036116091020091
331.00000000000	0.035651598715587
332.00000000000	0.035209802270417
333.00000000000	0.034815611274258
334.00000000000	0.034764279349128
335.00000000000	0.035174823086887
336.00000000000	0.036140328420805
337.00000000000	0.037696519931097
338.00000000000	0.039943029370626
339.00000000000	0.042966261412676
340.00000000000	0.046878650678701
341.00000000000	0.051347772698223
342.00000000000	0.056384852954162
343.00000000000	0.061918422275821
344.00000000000	0.068138590559930
345.00000000000	0.074892715190666
346.00000000000	0.082107554432002
347.00000000000	0.089656910750857
348.00000000000	0.097332985550243
349.00000000000	0.10510942756939
350.00000000000	0.11294629735056
351.00000000000	0.12038257283181
352.00000000000	0.12715713160384
353.00000000000	0.13349186637001
354.00000000000	0.13925125642044
355.00000000000	0.14438562027300
356.00000000000	0.14870706242107
357.00000000000	0.15238100911829
358.00000000000	0.15490254466044
359.00000000000	0.15654701059536
360.00000000000	0.15700468848790
