   0.000          90.000           -1.275e+01          -1.275e+01               0.000          -1.275e+01               0.000          -1.050e+02     
   1.000          90.000           -1.275e+01          -1.275e+01               0.000          -1.275e+01               0.000          -1.050e+02     
   2.000          90.000           -1.275e+01          -1.275e+01               0.000          -1.275e+01               0.000          -1.050e+02     
   3.000          90.000           -1.276e+01          -1.276e+01               0.000          -1.276e+01               0.000          -1.051e+02     
   4.000          90.000           -1.278e+01          -1.278e+01               0.000          -1.278e+01               0.000          -1.051e+02     
   5.000          90.000           -1.280e+01          -1.280e+01               0.000          -1.280e+01               0.000          -1.051e+02     
   6.000          90.000           -1.282e+01          -1.282e+01               0.000          -1.282e+01               0.000          -1.052e+02     
   7.000          90.000           -1.285e+01          -1.285e+01               0.000          -1.285e+01               0.000          -1.052e+02     
   8.000          90.000           -1.288e+01          -1.288e+01               0.000          -1.288e+01               0.000          -1.053e+02     
   9.000          90.000           -1.292e+01          -1.292e+01               0.000          -1.292e+01               0.000          -1.054e+02     
  10.000          90.000           -1.296e+01          -1.296e+01               0.000          -1.296e+01               0.000          -1.055e+02     
  11.000          90.000           -1.301e+01          -1.301e+01               0.000          -1.301e+01               0.000          -1.056e+02     
  12.000          90.000           -1.307e+01          -1.307e+01               0.000          -1.307e+01               0.000          -1.057e+02     
  13.000          90.000           -1.313e+01          -1.313e+01               0.000          -1.313e+01               0.000          -1.058e+02     
  14.000          90.000           -1.319e+01          -1.319e+01               0.000          -1.319e+01               0.000          -1.059e+02     
  15.000          90.000           -1.327e+01          -1.327e+01               0.000          -1.327e+01               0.000          -1.061e+02     
  16.000          90.000           -1.335e+01          -1.335e+01               0.000          -1.335e+01               0.000          -1.062e+02     
  17.000          90.000           -1.343e+01          -1.343e+01               0.000          -1.343e+01               0.000          -1.064e+02     
  18.000          90.000           -1.353e+01          -1.353e+01               0.000          -1.353e+01               0.000          -1.066e+02     
  19.000          90.000           -1.363e+01          -1.363e+01               0.000          -1.363e+01               0.000          -1.068e+02     
  20.000          90.000           -1.375e+01          -1.375e+01               0.000          -1.375e+01               0.000          -1.070e+02     
  21.000          90.000           -1.387e+01          -1.387e+01               0.000          -1.387e+01               0.000          -1.073e+02     
  22.000          90.000           -1.400e+01          -1.400e+01               0.000          -1.400e+01               0.000          -1.075e+02     
  23.000          90.000           -1.414e+01          -1.414e+01               0.000          -1.414e+01               0.000          -1.078e+02     
  24.000          90.000           -1.429e+01          -1.429e+01               0.000          -1.429e+01               0.000          -1.081e+02     
  25.000          90.000           -1.445e+01          -1.445e+01               0.000          -1.445e+01               0.000          -1.084e+02     
  26.000          90.000           -1.462e+01          -1.462e+01               0.000          -1.462e+01               0.000          -1.088e+02     
  27.000          90.000           -1.480e+01          -1.480e+01               0.000          -1.480e+01               0.000          -1.091e+02     
  28.000          90.000           -1.499e+01          -1.499e+01               0.000          -1.499e+01               0.000          -1.095e+02     
  29.000          90.000           -1.519e+01          -1.519e+01               0.000          -1.519e+01               0.000          -1.099e+02     
  30.000          90.000           -1.540e+01          -1.540e+01               0.000          -1.540e+01               0.000          -1.103e+02     
  31.000          90.000           -1.562e+01          -1.562e+01               0.000          -1.562e+01               0.000          -1.108e+02     
  32.000          90.000           -1.585e+01          -1.585e+01               0.000          -1.585e+01               0.000          -1.112e+02     
  33.000          90.000           -1.609e+01          -1.609e+01               0.000          -1.609e+01               0.000          -1.117e+02     
  34.000          90.000           -1.633e+01          -1.633e+01               0.000          -1.633e+01               0.000          -1.122e+02     
  35.000          90.000           -1.657e+01          -1.657e+01               0.000          -1.657e+01               0.000          -1.127e+02     
  36.000          90.000           -1.680e+01          -1.680e+01               0.000          -1.680e+01               0.000          -1.131e+02     
  37.000          90.000           -1.703e+01          -1.703e+01               0.000          -1.703e+01               0.000          -1.136e+02     
  38.000          90.000           -1.724e+01          -1.724e+01               0.000          -1.724e+01               0.000          -1.140e+02     
  39.000          90.000           -1.743e+01          -1.743e+01               0.000          -1.743e+01               0.000          -1.144e+02     
  40.000          90.000           -1.759e+01          -1.759e+01               0.000          -1.759e+01               0.000          -1.147e+02     
  41.000          90.000           -1.770e+01          -1.770e+01               0.000          -1.770e+01               0.000          -1.149e+02     
  42.000          90.000           -1.778e+01          -1.778e+01               0.000          -1.778e+01               0.000          -1.151e+02     
  43.000          90.000           -1.779e+01          -1.779e+01               0.000          -1.779e+01               0.000          -1.151e+02     
  44.000          90.000           -1.775e+01          -1.775e+01               0.000          -1.775e+01               0.000          -1.150e+02     
  45.000          90.000           -1.764e+01          -1.764e+01               0.000          -1.764e+01               0.000          -1.148e+02     
  46.000          90.000           -1.747e+01          -1.747e+01               0.000          -1.747e+01               0.000          -1.145e+02     
  47.000          90.000           -1.724e+01          -1.724e+01               0.000          -1.724e+01               0.000          -1.140e+02     
  48.000          90.000           -1.695e+01          -1.695e+01               0.000          -1.695e+01               0.000          -1.134e+02     
  49.000          90.000           -1.663e+01          -1.663e+01               0.000          -1.663e+01               0.000          -1.128e+02     
  50.000          90.000           -1.626e+01          -1.626e+01               0.000          -1.626e+01               0.000          -1.120e+02     
  51.000          90.000           -1.587e+01          -1.587e+01               0.000          -1.587e+01               0.000          -1.113e+02     
  52.000          90.000           -1.545e+01          -1.545e+01               0.000          -1.545e+01               0.000          -1.104e+02     
  53.000          90.000           -1.503e+01          -1.503e+01               0.000          -1.503e+01               0.000          -1.096e+02     
  54.000          90.000           -1.460e+01          -1.460e+01               0.000          -1.460e+01               0.000          -1.087e+02     
  55.000          90.000           -1.416e+01          -1.416e+01               0.000          -1.416e+01               0.000          -1.079e+02     
  56.000          90.000           -1.374e+01          -1.374e+01               0.000          -1.374e+01               0.000          -1.070e+02     
  57.000          90.000           -1.331e+01          -1.331e+01               0.000          -1.331e+01               0.000          -1.062e+02     
  58.000          90.000           -1.290e+01          -1.290e+01               0.000          -1.290e+01               0.000          -1.053e+02     
  59.000          90.000           -1.250e+01          -1.250e+01               0.000          -1.250e+01               0.000          -1.045e+02     
  60.000          90.000           -1.211e+01          -1.211e+01               0.000          -1.211e+01               0.000          -1.037e+02     
  61.000          90.000           -1.174e+01          -1.174e+01               0.000          -1.174e+01               0.000          -1.030e+02     
  62.000          90.000           -1.137e+01          -1.137e+01               0.000          -1.137e+01               0.000          -1.023e+02     
  63.000          90.000           -1.103e+01          -1.103e+01               0.000          -1.103e+01               0.000          -1.016e+02     
  64.000          90.000           -1.070e+01          -1.070e+01               0.000          -1.070e+01               0.000          -1.009e+02     
  65.000          90.000           -1.038e+01          -1.038e+01               0.000          -1.038e+01               0.000          -1.003e+02     
  66.000          90.000           -1.007e+01          -1.007e+01               0.000          -1.007e+01               0.000          -9.967e+01     
  67.000          90.000           -9.786e+00          -9.786e+00               0.000          -9.786e+00               0.000          -9.910e+01     
  68.000          90.000           -9.512e+00          -9.512e+00               0.000          -9.512e+00               0.000          -9.855e+01     
  69.000          90.000           -9.253e+00          -9.253e+00               0.000          -9.253e+00               0.000          -9.803e+01     
  70.000          90.000           -9.007e+00          -9.007e+00               0.000          -9.007e+00               0.000          -9.754e+01     
  71.000          90.000           -8.775e+00          -8.775e+00               0.000          -8.775e+00               0.000          -9.708e+01     
  72.000          90.000           -8.557e+00          -8.557e+00               0.000          -8.557e+00               0.000          -9.664e+01     
  73.000          90.000           -8.352e+00          -8.352e+00               0.000          -8.352e+00               0.000          -9.623e+01     
  74.000          90.000           -8.160e+00          -8.160e+00               0.000          -8.160e+00               0.000          -9.584e+01     
  75.000          90.000           -7.981e+00          -7.981e+00               0.000          -7.981e+00               0.000          -9.549e+01     
  76.000          90.000           -7.814e+00          -7.814e+00               0.000          -7.814e+00               0.000          -9.515e+01     
  77.000          90.000           -7.660e+00          -7.660e+00               0.000          -7.660e+00               0.000          -9.485e+01     
  78.000          90.000           -7.518e+00          -7.518e+00               0.000          -7.518e+00               0.000          -9.456e+01     
  79.000          90.000           -7.389e+00          -7.389e+00               0.000          -7.389e+00               0.000          -9.430e+01     
  80.000          90.000           -7.271e+00          -7.271e+00               0.000          -7.271e+00               0.000          -9.407e+01     
  81.000          90.000           -7.165e+00          -7.165e+00               0.000          -7.165e+00               0.000          -9.385e+01     
  82.000          90.000           -7.070e+00          -7.070e+00               0.000          -7.070e+00               0.000          -9.367e+01     
  83.000          90.000           -6.987e+00          -6.987e+00               0.000          -6.987e+00               0.000          -9.350e+01     
  84.000          90.000           -6.915e+00          -6.915e+00               0.000          -6.915e+00               0.000          -9.336e+01     
  85.000          90.000           -6.855e+00          -6.855e+00               0.000          -6.855e+00               0.000          -9.323e+01     
  86.000          90.000           -6.805e+00          -6.805e+00               0.000          -6.805e+00               0.000          -9.314e+01     
  87.000          90.000           -6.767e+00          -6.767e+00               0.000          -6.767e+00               0.000          -9.306e+01     
  88.000          90.000           -6.739e+00          -6.739e+00               0.000          -6.739e+00               0.000          -9.300e+01     
  89.000          90.000           -6.723e+00          -6.723e+00               0.000          -6.723e+00               0.000          -9.297e+01     
  90.000          90.000           -6.717e+00          -6.717e+00               0.000          -6.717e+00               0.000          -9.296e+01     
  91.000          90.000           -6.723e+00          -6.723e+00               0.000          -6.723e+00               0.000          -9.297e+01     
  92.000          90.000           -6.739e+00          -6.739e+00               0.000          -6.739e+00               0.000          -9.300e+01     
  93.000          90.000           -6.767e+00          -6.767e+00               0.000          -6.767e+00               0.000          -9.306e+01     
  94.000          90.000           -6.805e+00          -6.805e+00               0.000          -6.805e+00               0.000          -9.314e+01     
  95.000          90.000           -6.855e+00          -6.855e+00               0.000          -6.855e+00               0.000          -9.323e+01     
  96.000          90.000           -6.915e+00          -6.915e+00               0.000          -6.915e+00               0.000          -9.336e+01     
  97.000          90.000           -6.987e+00          -6.987e+00               0.000          -6.987e+00               0.000          -9.350e+01     
  98.000          90.000           -7.070e+00          -7.070e+00               0.000          -7.070e+00               0.000          -9.367e+01     
  99.000          90.000           -7.165e+00          -7.165e+00               0.000          -7.165e+00               0.000          -9.385e+01     
 100.000          90.000           -7.271e+00          -7.271e+00               0.000          -7.271e+00               0.000          -9.407e+01     
 101.000          90.000           -7.389e+00          -7.389e+00               0.000          -7.389e+00               0.000          -9.430e+01     
 102.000          90.000           -7.518e+00          -7.518e+00               0.000          -7.518e+00               0.000          -9.456e+01     
 103.000          90.000           -7.660e+00          -7.660e+00               0.000          -7.660e+00               0.000          -9.485e+01     
 104.000          90.000           -7.814e+00          -7.814e+00               0.000          -7.814e+00               0.000          -9.515e+01     
 105.000          90.000           -7.981e+00          -7.981e+00               0.000          -7.981e+00               0.000          -9.549e+01     
 106.000          90.000           -8.160e+00          -8.160e+00               0.000          -8.160e+00               0.000          -9.584e+01     
 107.000          90.000           -8.352e+00          -8.352e+00               0.000          -8.352e+00               0.000          -9.623e+01     
 108.000          90.000           -8.557e+00          -8.557e+00               0.000          -8.557e+00               0.000          -9.664e+01     
 109.000          90.000           -8.775e+00          -8.775e+00               0.000          -8.775e+00               0.000          -9.708e+01     
 110.000          90.000           -9.007e+00          -9.007e+00               0.000          -9.007e+00               0.000          -9.754e+01     
 111.000          90.000           -9.253e+00          -9.253e+00               0.000          -9.253e+00               0.000          -9.803e+01     
 112.000          90.000           -9.512e+00          -9.512e+00               0.000          -9.512e+00               0.000          -9.855e+01     
 113.000          90.000           -9.786e+00          -9.786e+00               0.000          -9.786e+00               0.000          -9.910e+01     
 114.000          90.000           -1.007e+01          -1.007e+01               0.000          -1.007e+01               0.000          -9.967e+01     
 115.000          90.000           -1.038e+01          -1.038e+01               0.000          -1.038e+01               0.000          -1.003e+02     
 116.000          90.000           -1.070e+01          -1.070e+01               0.000          -1.070e+01               0.000          -1.009e+02     
 117.000          90.000           -1.103e+01          -1.103e+01               0.000          -1.103e+01               0.000          -1.016e+02     
 118.000          90.000           -1.137e+01          -1.137e+01               0.000          -1.137e+01               0.000          -1.023e+02     
 119.000          90.000           -1.174e+01          -1.174e+01               0.000          -1.174e+01               0.000          -1.030e+02     
 120.000          90.000           -1.211e+01          -1.211e+01               0.000          -1.211e+01               0.000          -1.037e+02     
 121.000          90.000           -1.250e+01          -1.250e+01               0.000          -1.250e+01               0.000          -1.045e+02     
 122.000          90.000           -1.290e+01          -1.290e+01               0.000          -1.290e+01               0.000          -1.053e+02     
 123.000          90.000           -1.331e+01          -1.331e+01               0.000          -1.331e+01               0.000          -1.062e+02     
 124.000          90.000           -1.374e+01          -1.374e+01               0.000          -1.374e+01               0.000          -1.070e+02     
 125.000          90.000           -1.416e+01          -1.416e+01               0.000          -1.416e+01               0.000          -1.079e+02     
 126.000          90.000           -1.460e+01          -1.460e+01               0.000          -1.460e+01               0.000          -1.087e+02     
 127.000          90.000           -1.503e+01          -1.503e+01               0.000          -1.503e+01               0.000          -1.096e+02     
 128.000          90.000           -1.545e+01          -1.545e+01               0.000          -1.545e+01               0.000          -1.104e+02     
 129.000          90.000           -1.587e+01          -1.587e+01               0.000          -1.587e+01               0.000          -1.113e+02     
 130.000          90.000           -1.626e+01          -1.626e+01               0.000          -1.626e+01               0.000          -1.120e+02     
 131.000          90.000           -1.663e+01          -1.663e+01               0.000          -1.663e+01               0.000          -1.128e+02     
 132.000          90.000           -1.695e+01          -1.695e+01               0.000          -1.695e+01               0.000          -1.134e+02     
 133.000          90.000           -1.724e+01          -1.724e+01               0.000          -1.724e+01               0.000          -1.140e+02     
 134.000          90.000           -1.747e+01          -1.747e+01               0.000          -1.747e+01               0.000          -1.145e+02     
 135.000          90.000           -1.764e+01          -1.764e+01               0.000          -1.764e+01               0.000          -1.148e+02     
 136.000          90.000           -1.775e+01          -1.775e+01               0.000          -1.775e+01               0.000          -1.150e+02     
 137.000          90.000           -1.779e+01          -1.779e+01               0.000          -1.779e+01               0.000          -1.151e+02     
 138.000          90.000           -1.778e+01          -1.778e+01               0.000          -1.778e+01               0.000          -1.151e+02     
 139.000          90.000           -1.770e+01          -1.770e+01               0.000          -1.770e+01               0.000          -1.149e+02     
 140.000          90.000           -1.759e+01          -1.759e+01               0.000          -1.759e+01               0.000          -1.147e+02     
 141.000          90.000           -1.743e+01          -1.743e+01               0.000          -1.743e+01               0.000          -1.144e+02     
 142.000          90.000           -1.724e+01          -1.724e+01               0.000          -1.724e+01               0.000          -1.140e+02     
 143.000          90.000           -1.703e+01          -1.703e+01               0.000          -1.703e+01               0.000          -1.136e+02     
 144.000          90.000           -1.680e+01          -1.680e+01               0.000          -1.680e+01               0.000          -1.131e+02     
 145.000          90.000           -1.657e+01          -1.657e+01               0.000          -1.657e+01               0.000          -1.127e+02     
 146.000          90.000           -1.633e+01          -1.633e+01               0.000          -1.633e+01               0.000          -1.122e+02     
 147.000          90.000           -1.609e+01          -1.609e+01               0.000          -1.609e+01               0.000          -1.117e+02     
 148.000          90.000           -1.585e+01          -1.585e+01               0.000          -1.585e+01               0.000          -1.112e+02     
 149.000          90.000           -1.563e+01          -1.563e+01               0.000          -1.563e+01               0.000          -1.108e+02     
 150.000          90.000           -1.540e+01          -1.540e+01               0.000          -1.540e+01               0.000          -1.103e+02     
 151.000          90.000           -1.519e+01          -1.519e+01               0.000          -1.519e+01               0.000          -1.099e+02     
 152.000          90.000           -1.499e+01          -1.499e+01               0.000          -1.499e+01               0.000          -1.095e+02     
 153.000          90.000           -1.480e+01          -1.480e+01               0.000          -1.480e+01               0.000          -1.091e+02     
 154.000          90.000           -1.462e+01          -1.462e+01               0.000          -1.462e+01               0.000          -1.088e+02     
 155.000          90.000           -1.445e+01          -1.445e+01               0.000          -1.445e+01               0.000          -1.084e+02     
 156.000          90.000           -1.429e+01          -1.429e+01               0.000          -1.429e+01               0.000          -1.081e+02     
 157.000          90.000           -1.414e+01          -1.414e+01               0.000          -1.414e+01               0.000          -1.078e+02     
 158.000          90.000           -1.400e+01          -1.400e+01               0.000          -1.400e+01               0.000          -1.075e+02     
 159.000          90.000           -1.387e+01          -1.387e+01               0.000          -1.387e+01               0.000          -1.073e+02     
 160.000          90.000           -1.375e+01          -1.375e+01               0.000          -1.375e+01               0.000          -1.070e+02     
 161.000          90.000           -1.363e+01          -1.363e+01               0.000          -1.363e+01               0.000          -1.068e+02     
 162.000          90.000           -1.353e+01          -1.353e+01               0.000          -1.353e+01               0.000          -1.066e+02     
 163.000          90.000           -1.343e+01          -1.343e+01               0.000          -1.343e+01               0.000          -1.064e+02     
 164.000          90.000           -1.335e+01          -1.335e+01               0.000          -1.335e+01               0.000          -1.062e+02     
 165.000          90.000           -1.327e+01          -1.327e+01               0.000          -1.327e+01               0.000          -1.061e+02     
 166.000          90.000           -1.319e+01          -1.319e+01               0.000          -1.319e+01               0.000          -1.059e+02     
 167.000          90.000           -1.313e+01          -1.313e+01               0.000          -1.313e+01               0.000          -1.058e+02     
 168.000          90.000           -1.307e+01          -1.307e+01               0.000          -1.307e+01               0.000          -1.057e+02     
 169.000          90.000           -1.301e+01          -1.301e+01               0.000          -1.301e+01               0.000          -1.056e+02     
 170.000          90.000           -1.296e+01          -1.296e+01               0.000          -1.296e+01               0.000          -1.055e+02     
 171.000          90.000           -1.292e+01          -1.292e+01               0.000          -1.292e+01               0.000          -1.054e+02     
 172.000          90.000           -1.288e+01          -1.288e+01               0.000          -1.288e+01               0.000          -1.053e+02     
 173.000          90.000           -1.285e+01          -1.285e+01               0.000          -1.285e+01               0.000          -1.052e+02     
 174.000          90.000           -1.282e+01          -1.282e+01               0.000          -1.282e+01               0.000          -1.052e+02     
 175.000          90.000           -1.280e+01          -1.280e+01               0.000          -1.280e+01               0.000          -1.051e+02     
 176.000          90.000           -1.278e+01          -1.278e+01               0.000          -1.278e+01               0.000          -1.051e+02     
 177.000          90.000           -1.276e+01          -1.276e+01               0.000          -1.276e+01               0.000          -1.051e+02     
 178.000          90.000           -1.275e+01          -1.275e+01               0.000          -1.275e+01               0.000          -1.050e+02     
 179.000          90.000           -1.275e+01          -1.275e+01               0.000          -1.275e+01               0.000          -1.050e+02     
 180.000          90.000           -1.275e+01          -1.275e+01               0.000          -1.275e+01               0.000          -1.050e+02     

   0.000          90.000           -1.526e+01          -1.526e+01               0.000          -1.526e+01               0.000          -1.100e+02     
   1.000          90.000           -1.526e+01          -1.526e+01               0.000          -1.526e+01               0.000          -1.101e+02     
   2.000          90.000           -1.528e+01          -1.528e+01               0.000          -1.528e+01               0.000          -1.101e+02     
   3.000          90.000           -1.530e+01          -1.530e+01               0.000          -1.530e+01               0.000          -1.101e+02     
   4.000          90.000           -1.533e+01          -1.533e+01               0.000          -1.533e+01               0.000          -1.102e+02     
   5.000          90.000           -1.537e+01          -1.537e+01               0.000          -1.537e+01               0.000          -1.103e+02     
   6.000          90.000           -1.542e+01          -1.542e+01               0.000          -1.542e+01               0.000          -1.104e+02     
   7.000          90.000           -1.547e+01          -1.547e+01               0.000          -1.547e+01               0.000          -1.105e+02     
   8.000          90.000           -1.554e+01          -1.554e+01               0.000          -1.554e+01               0.000          -1.106e+02     
   9.000          90.000           -1.562e+01          -1.562e+01               0.000          -1.562e+01               0.000          -1.108e+02     
  10.000          90.000           -1.571e+01          -1.571e+01               0.000          -1.571e+01               0.000          -1.109e+02     
  11.000          90.000           -1.581e+01          -1.581e+01               0.000          -1.581e+01               0.000          -1.112e+02     
  12.000          90.000           -1.593e+01          -1.593e+01               0.000          -1.593e+01               0.000          -1.114e+02     
  13.000          90.000           -1.605e+01          -1.605e+01               0.000          -1.605e+01               0.000          -1.116e+02     
  14.000          90.000           -1.619e+01          -1.619e+01               0.000          -1.619e+01               0.000          -1.119e+02     
  15.000          90.000           -1.635e+01          -1.635e+01               0.000          -1.635e+01               0.000          -1.122e+02     
  16.000          90.000           -1.652e+01          -1.652e+01               0.000          -1.652e+01               0.000          -1.126e+02     
  17.000          90.000           -1.671e+01          -1.671e+01               0.000          -1.671e+01               0.000          -1.129e+02     
  18.000          90.000           -1.692e+01          -1.692e+01               0.000          -1.692e+01               0.000          -1.134e+02     
  19.000          90.000           -1.715e+01          -1.715e+01               0.000          -1.715e+01               0.000          -1.138e+02     
  20.000          90.000           -1.740e+01          -1.740e+01               0.000          -1.740e+01               0.000          -1.143e+02     
  21.000          90.000           -1.768e+01          -1.768e+01               0.000          -1.768e+01               0.000          -1.149e+02     
  22.000          90.000           -1.799e+01          -1.799e+01               0.000          -1.799e+01               0.000          -1.155e+02     
  23.000          90.000           -1.833e+01          -1.833e+01               0.000          -1.833e+01               0.000          -1.162e+02     
  24.000          90.000           -1.870e+01          -1.870e+01               0.000          -1.870e+01               0.000          -1.169e+02     
  25.000          90.000           -1.912e+01          -1.912e+01               0.000          -1.912e+01               0.000          -1.178e+02     
  26.000          90.000           -1.958e+01          -1.958e+01               0.000          -1.958e+01               0.000          -1.187e+02     
  27.000          90.000           -2.009e+01          -2.009e+01               0.000          -2.009e+01               0.000          -1.197e+02     
  28.000          90.000           -2.066e+01          -2.066e+01               0.000          -2.066e+01               0.000          -1.208e+02     
  29.000          90.000           -2.131e+01          -2.131e+01               0.000          -2.131e+01               0.000          -1.221e+02     
  30.000          90.000           -2.204e+01          -2.204e+01               0.000          -2.204e+01               0.000          -1.236e+02     
  31.000          90.000           -2.287e+01          -2.287e+01               0.000          -2.287e+01               0.000          -1.253e+02     
  32.000          90.000           -2.383e+01          -2.383e+01               0.000          -2.383e+01               0.000          -1.272e+02     
  33.000          90.000           -2.494e+01          -2.494e+01               0.000          -2.494e+01               0.000          -1.294e+02     
  34.000          90.000           -2.624e+01          -2.624e+01               0.000          -2.624e+01               0.000          -1.320e+02     
  35.000          90.000           -2.779e+01          -2.779e+01               0.000          -2.779e+01               0.000          -1.351e+02     
  36.000          90.000           -2.959e+01          -2.959e+01               0.000          -2.959e+01               0.000          -1.387e+02     
  37.000          90.000           -3.157e+01          -3.157e+01               0.000          -3.157e+01               0.000          -1.427e+02     
  38.000          90.000           -3.319e+01          -3.319e+01               0.000          -3.319e+01               0.000          -1.459e+02     
  39.000          90.000           -3.327e+01          -3.327e+01               0.000          -3.327e+01               0.000          -1.461e+02     
  40.000          90.000           -3.159e+01          -3.159e+01               0.000          -3.159e+01               0.000          -1.427e+02     
  41.000          90.000           -2.931e+01          -2.931e+01               0.000          -2.931e+01               0.000          -1.382e+02     
  42.000          90.000           -2.715e+01          -2.715e+01               0.000          -2.715e+01               0.000          -1.338e+02     
  43.000          90.000           -2.524e+01          -2.524e+01               0.000          -2.524e+01               0.000          -1.300e+02     
  44.000          90.000           -2.359e+01          -2.359e+01               0.000          -2.359e+01               0.000          -1.267e+02     
  45.000          90.000           -2.213e+01          -2.213e+01               0.000          -2.213e+01               0.000          -1.238e+02     
  46.000          90.000           -2.084e+01          -2.084e+01               0.000          -2.084e+01               0.000          -1.212e+02     
  47.000          90.000           -1.969e+01          -1.969e+01               0.000          -1.969e+01               0.000          -1.189e+02     
  48.000          90.000           -1.864e+01          -1.864e+01               0.000          -1.864e+01               0.000          -1.168e+02     
  49.000          90.000           -1.769e+01          -1.769e+01               0.000          -1.769e+01               0.000          -1.149e+02     
  50.000          90.000           -1.681e+01          -1.681e+01               0.000          -1.681e+01               0.000          -1.131e+02     
  51.000          90.000           -1.599e+01          -1.599e+01               0.000          -1.599e+01               0.000          -1.115e+02     
  52.000          90.000           -1.524e+01          -1.524e+01               0.000          -1.524e+01               0.000          -1.100e+02     
  53.000          90.000           -1.454e+01          -1.454e+01               0.000          -1.454e+01               0.000          -1.086e+02     
  54.000          90.000           -1.388e+01          -1.388e+01               0.000          -1.388e+01               0.000          -1.073e+02     
  55.000          90.000           -1.326e+01          -1.326e+01               0.000          -1.326e+01               0.000          -1.060e+02     
  56.000          90.000           -1.267e+01          -1.267e+01               0.000          -1.267e+01               0.000          -1.049e+02     
  57.000          90.000           -1.213e+01          -1.213e+01               0.000          -1.213e+01               0.000          -1.038e+02     
  58.000          90.000           -1.161e+01          -1.161e+01               0.000          -1.161e+01               0.000          -1.027e+02     
  59.000          90.000           -1.112e+01          -1.112e+01               0.000          -1.112e+01               0.000          -1.018e+02     
  60.000          90.000           -1.065e+01          -1.065e+01               0.000          -1.065e+01               0.000          -1.008e+02     
  61.000          90.000           -1.021e+01          -1.021e+01               0.000          -1.021e+01               0.000          -9.995e+01     
  62.000          90.000           -9.796e+00          -9.796e+00               0.000          -9.796e+00               0.000          -9.912e+01     
  63.000          90.000           -9.401e+00          -9.401e+00               0.000          -9.401e+00               0.000          -9.833e+01     
  64.000          90.000           -9.027e+00          -9.027e+00               0.000          -9.027e+00               0.000          -9.758e+01     
  65.000          90.000           -8.672e+00          -8.672e+00               0.000          -8.672e+00               0.000          -9.687e+01     
  66.000          90.000           -8.336e+00          -8.336e+00               0.000          -8.336e+00               0.000          -9.620e+01     
  67.000          90.000           -8.018e+00          -8.018e+00               0.000          -8.018e+00               0.000          -9.556e+01     
  68.000          90.000           -7.717e+00          -7.717e+00               0.000          -7.717e+00               0.000          -9.496e+01     
  69.000          90.000           -7.433e+00          -7.433e+00               0.000          -7.433e+00               0.000          -9.439e+01     
  70.000          90.000           -7.165e+00          -7.165e+00               0.000          -7.165e+00               0.000          -9.385e+01     
  71.000          90.000           -6.912e+00          -6.912e+00               0.000          -6.912e+00               0.000          -9.335e+01     
  72.000          90.000           -6.674e+00          -6.674e+00               0.000          -6.674e+00               0.000          -9.287e+01     
  73.000          90.000           -6.451e+00          -6.451e+00               0.000          -6.451e+00               0.000          -9.243e+01     
  74.000          90.000           -6.243e+00          -6.243e+00               0.000          -6.243e+00               0.000          -9.201e+01     
  75.000          90.000           -6.048e+00          -6.048e+00               0.000          -6.048e+00               0.000          -9.162e+01     
  76.000          90.000           -5.867e+00          -5.867e+00               0.000          -5.867e+00               0.000          -9.126e+01     
  77.000          90.000           -5.700e+00          -5.700e+00               0.000          -5.700e+00               0.000          -9.093e+01     
  78.000          90.000           -5.546e+00          -5.546e+00               0.000          -5.546e+00               0.000          -9.062e+01     
  79.000          90.000           -5.405e+00          -5.405e+00               0.000          -5.405e+00               0.000          -9.033e+01     
  80.000          90.000           -5.276e+00          -5.276e+00               0.000          -5.276e+00               0.000          -9.008e+01     
  81.000          90.000           -5.161e+00          -5.161e+00               0.000          -5.161e+00               0.000          -8.985e+01     
  82.000          90.000           -5.058e+00          -5.058e+00               0.000          -5.058e+00               0.000          -8.964e+01     
  83.000          90.000           -4.967e+00          -4.967e+00               0.000          -4.967e+00               0.000          -8.946e+01     
  84.000          90.000           -4.889e+00          -4.889e+00               0.000          -4.889e+00               0.000          -8.930e+01     
  85.000          90.000           -4.823e+00          -4.823e+00               0.000          -4.823e+00               0.000          -8.917e+01     
  86.000          90.000           -4.769e+00          -4.769e+00               0.000          -4.769e+00               0.000          -8.906e+01     
  87.000          90.000           -4.727e+00          -4.727e+00               0.000          -4.727e+00               0.000          -8.898e+01     
  88.000          90.000           -4.697e+00          -4.697e+00               0.000          -4.697e+00               0.000          -8.892e+01     
  89.000          90.000           -4.679e+00          -4.679e+00               0.000          -4.679e+00               0.000          -8.888e+01     
  90.000          90.000           -4.673e+00          -4.673e+00               0.000          -4.673e+00               0.000          -8.887e+01     
  91.000          90.000           -4.679e+00          -4.679e+00               0.000          -4.679e+00               0.000          -8.888e+01     
  92.000          90.000           -4.697e+00          -4.697e+00               0.000          -4.697e+00               0.000          -8.892e+01     
  93.000          90.000           -4.727e+00          -4.727e+00               0.000          -4.727e+00               0.000          -8.898e+01     
  94.000          90.000           -4.769e+00          -4.769e+00               0.000          -4.769e+00               0.000          -8.906e+01     
  95.000          90.000           -4.823e+00          -4.823e+00               0.000          -4.823e+00               0.000          -8.917e+01     
  96.000          90.000           -4.889e+00          -4.889e+00               0.000          -4.889e+00               0.000          -8.930e+01     
  97.000          90.000           -4.967e+00          -4.967e+00               0.000          -4.967e+00               0.000          -8.946e+01     
  98.000          90.000           -5.058e+00          -5.058e+00               0.000          -5.058e+00               0.000          -8.964e+01     
  99.000          90.000           -5.161e+00          -5.161e+00               0.000          -5.161e+00               0.000          -8.985e+01     
 100.000          90.000           -5.276e+00          -5.276e+00               0.000          -5.276e+00               0.000          -9.008e+01     
 101.000          90.000           -5.405e+00          -5.405e+00               0.000          -5.405e+00               0.000          -9.033e+01     
 102.000          90.000           -5.546e+00          -5.546e+00               0.000          -5.546e+00               0.000          -9.062e+01     
 103.000          90.000           -5.700e+00          -5.700e+00               0.000          -5.700e+00               0.000          -9.093e+01     
 104.000          90.000           -5.867e+00          -5.867e+00               0.000          -5.867e+00               0.000          -9.126e+01     
 105.000          90.000           -6.048e+00          -6.048e+00               0.000          -6.048e+00               0.000          -9.162e+01     
 106.000          90.000           -6.243e+00          -6.243e+00               0.000          -6.243e+00               0.000          -9.201e+01     
 107.000          90.000           -6.451e+00          -6.451e+00               0.000          -6.451e+00               0.000          -9.243e+01     
 108.000          90.000           -6.674e+00          -6.674e+00               0.000          -6.674e+00               0.000          -9.287e+01     
 109.000          90.000           -6.912e+00          -6.912e+00               0.000          -6.912e+00               0.000          -9.335e+01     
 110.000          90.000           -7.165e+00          -7.165e+00               0.000          -7.165e+00               0.000          -9.385e+01     
 111.000          90.000           -7.433e+00          -7.433e+00               0.000          -7.433e+00               0.000          -9.439e+01     
 112.000          90.000           -7.717e+00          -7.717e+00               0.000          -7.717e+00               0.000          -9.496e+01     
 113.000          90.000           -8.018e+00          -8.018e+00               0.000          -8.018e+00               0.000          -9.556e+01     
 114.000          90.000           -8.336e+00          -8.336e+00               0.000          -8.336e+00               0.000          -9.620e+01     
 115.000          90.000           -8.672e+00          -8.672e+00               0.000          -8.672e+00               0.000          -9.687e+01     
 116.000          90.000           -9.027e+00          -9.027e+00               0.000          -9.027e+00               0.000          -9.758e+01     
 117.000          90.000           -9.401e+00          -9.401e+00               0.000          -9.401e+00               0.000          -9.833e+01     
 118.000          90.000           -9.796e+00          -9.796e+00               0.000          -9.796e+00               0.000          -9.912e+01     
 119.000          90.000           -1.021e+01          -1.021e+01               0.000          -1.021e+01               0.000          -9.995e+01     
 120.000          90.000           -1.065e+01          -1.065e+01               0.000          -1.065e+01               0.000          -1.008e+02     
 121.000          90.000           -1.112e+01          -1.112e+01               0.000          -1.112e+01               0.000          -1.018e+02     
 122.000          90.000           -1.161e+01          -1.161e+01               0.000          -1.161e+01               0.000          -1.027e+02     
 123.000          90.000           -1.213e+01          -1.213e+01               0.000          -1.213e+01               0.000          -1.038e+02     
 124.000          90.000           -1.267e+01          -1.267e+01               0.000          -1.267e+01               0.000          -1.049e+02     
 125.000          90.000           -1.326e+01          -1.326e+01               0.000          -1.326e+01               0.000          -1.060e+02     
 126.000          90.000           -1.388e+01          -1.388e+01               0.000          -1.388e+01               0.000          -1.073e+02     
 127.000          90.000           -1.454e+01          -1.454e+01               0.000          -1.454e+01               0.000          -1.086e+02     
 128.000          90.000           -1.524e+01          -1.524e+01               0.000          -1.524e+01               0.000          -1.100e+02     
 129.000          90.000           -1.599e+01          -1.599e+01               0.000          -1.599e+01               0.000          -1.115e+02     
 130.000          90.000           -1.681e+01          -1.681e+01               0.000          -1.681e+01               0.000          -1.131e+02     
 131.000          90.000           -1.769e+01          -1.769e+01               0.000          -1.769e+01               0.000          -1.149e+02     
 132.000          90.000           -1.864e+01          -1.864e+01               0.000          -1.864e+01               0.000          -1.168e+02     
 133.000          90.000           -1.969e+01          -1.969e+01               0.000          -1.969e+01               0.000          -1.189e+02     
 134.000          90.000           -2.084e+01          -2.084e+01               0.000          -2.084e+01               0.000          -1.212e+02     
 135.000          90.000           -2.213e+01          -2.213e+01               0.000          -2.213e+01               0.000          -1.238e+02     
 136.000          90.000           -2.359e+01          -2.359e+01               0.000          -2.359e+01               0.000          -1.267e+02     
 137.000          90.000           -2.524e+01          -2.524e+01               0.000          -2.524e+01               0.000          -1.300e+02     
 138.000          90.000           -2.715e+01          -2.715e+01               0.000          -2.715e+01               0.000          -1.338e+02     
 139.000          90.000           -2.931e+01          -2.931e+01               0.000          -2.931e+01               0.000          -1.382e+02     
 140.000          90.000           -3.159e+01          -3.159e+01               0.000          -3.159e+01               0.000          -1.427e+02     
 141.000          90.000           -3.327e+01          -3.327e+01               0.000          -3.327e+01               0.000          -1.461e+02     
 142.000          90.000           -3.319e+01          -3.319e+01               0.000          -3.319e+01               0.000          -1.459e+02     
 143.000          90.000           -3.157e+01          -3.157e+01               0.000          -3.157e+01               0.000          -1.427e+02     
 144.000          90.000           -2.959e+01          -2.959e+01               0.000          -2.959e+01               0.000          -1.387e+02     
 145.000          90.000           -2.779e+01          -2.779e+01               0.000          -2.779e+01               0.000          -1.351e+02     
 146.000          90.000           -2.624e+01          -2.624e+01               0.000          -2.624e+01               0.000          -1.320e+02     
 147.000          90.000           -2.494e+01          -2.494e+01               0.000          -2.494e+01               0.000          -1.294e+02     
 148.000          90.000           -2.383e+01          -2.383e+01               0.000          -2.383e+01               0.000          -1.272e+02     
 149.000          90.000           -2.287e+01          -2.287e+01               0.000          -2.287e+01               0.000          -1.253e+02     
 150.000          90.000           -2.204e+01          -2.204e+01               0.000          -2.204e+01               0.000          -1.236e+02     
 151.000          90.000           -2.131e+01          -2.131e+01               0.000          -2.131e+01               0.000          -1.221e+02     
 152.000          90.000           -2.066e+01          -2.066e+01               0.000          -2.066e+01               0.000          -1.208e+02     
 153.000          90.000           -2.009e+01          -2.009e+01               0.000          -2.009e+01               0.000          -1.197e+02     
 154.000          90.000           -1.958e+01          -1.958e+01               0.000          -1.958e+01               0.000          -1.187e+02     
 155.000          90.000           -1.912e+01          -1.912e+01               0.000          -1.912e+01               0.000          -1.178e+02     
 156.000          90.000           -1.870e+01          -1.870e+01               0.000          -1.870e+01               0.000          -1.169e+02     
 157.000          90.000           -1.833e+01          -1.833e+01               0.000          -1.833e+01               0.000          -1.162e+02     
 158.000          90.000           -1.799e+01          -1.799e+01               0.000          -1.799e+01               0.000          -1.155e+02     
 159.000          90.000           -1.768e+01          -1.768e+01               0.000          -1.768e+01               0.000          -1.149e+02     
 160.000          90.000           -1.740e+01          -1.740e+01               0.000          -1.740e+01               0.000          -1.143e+02     
 161.000          90.000           -1.715e+01          -1.715e+01               0.000          -1.715e+01               0.000          -1.138e+02     
 162.000          90.000           -1.692e+01          -1.692e+01               0.000          -1.692e+01               0.000          -1.134e+02     
 163.000          90.000           -1.671e+01          -1.671e+01               0.000          -1.671e+01               0.000          -1.129e+02     
 164.000          90.000           -1.652e+01          -1.652e+01               0.000          -1.652e+01               0.000          -1.126e+02     
 165.000          90.000           -1.635e+01          -1.635e+01               0.000          -1.635e+01               0.000          -1.122e+02     
 166.000          90.000           -1.619e+01          -1.619e+01               0.000          -1.619e+01               0.000          -1.119e+02     
 167.000          90.000           -1.605e+01          -1.605e+01               0.000          -1.605e+01               0.000          -1.116e+02     
 168.000          90.000           -1.593e+01          -1.593e+01               0.000          -1.593e+01               0.000          -1.114e+02     
 169.000          90.000           -1.581e+01          -1.581e+01               0.000          -1.581e+01               0.000          -1.112e+02     
 170.000          90.000           -1.571e+01          -1.571e+01               0.000          -1.571e+01               0.000          -1.109e+02     
 171.000          90.000           -1.562e+01          -1.562e+01               0.000          -1.562e+01               0.000          -1.108e+02     
 172.000          90.000           -1.554e+01          -1.554e+01               0.000          -1.554e+01               0.000          -1.106e+02     
 173.000          90.000           -1.547e+01          -1.547e+01               0.000          -1.547e+01               0.000          -1.105e+02     
 174.000          90.000           -1.542e+01          -1.542e+01               0.000          -1.542e+01               0.000          -1.104e+02     
 175.000          90.000           -1.537e+01          -1.537e+01               0.000          -1.537e+01               0.000          -1.103e+02     
 176.000          90.000           -1.533e+01          -1.533e+01               0.000          -1.533e+01               0.000          -1.102e+02     
 177.000          90.000           -1.530e+01          -1.530e+01               0.000          -1.530e+01               0.000          -1.101e+02     
 178.000          90.000           -1.528e+01          -1.528e+01               0.000          -1.528e+01               0.000          -1.101e+02     
 179.000          90.000           -1.526e+01          -1.526e+01               0.000          -1.526e+01               0.000          -1.101e+02     
 180.000          90.000           -1.526e+01          -1.526e+01               0.000          -1.526e+01               0.000          -1.100e+02     
